# Avida deme replication data
# Sat Feb 18 01:08:21 2017
#  1: Update [update]
#  2: Number of deme replications [numrepl]
#  3: Mean deme gestation time [gesttime]
#  4: Mean number of births within replicated demes [numbirths]
#  5: Mean heritable merit of replicated demes [merit]
#  6: Mean generation of replicated demes [generation]
#  7: Mean density of replicated demes [density]

0 0 0 0 0 0 0 
100 0 0 0 0 0 0 
200 0 0 0 0 0 0 
300 0 0 0 0 0 0 
400 0 0 0 0 0 0 
500 0 0 0 0 0 0 
600 0 0 0 0 0 0 
700 279 656.505 822.674 1 0 1 
800 0 0 0 0 0 0 
900 0 0 0 0 0 0 
1000 0 0 0 0 0 0 
1100 0 0 0 0 0 0 
1200 0 0 0 0 0 0 
1300 53 642.113 801.321 1 1 1 
1400 204 663.431 832.877 1 1 1 
1500 0 0 0 0 0 0 
1600 0 0 0 0 0 0 
1700 0 0 0 0 0 0 
1800 0 0 0 0 0 0 
1900 1 629 786 1 2 1 
2000 186 655.538 822.113 1 2 1 
2100 51 671.941 852.196 1 2 1 
2200 0 0 0 0 0 0 
2300 0 0 0 0 0 0 
2400 0 0 0 0 0 0 
2500 2 572 709 1 3 1 
2600 29 647.483 800.862 1 3 1 
2700 210 659.667 822.657 1 3 1 
2800 6 695 739.5 1 3 0.986667 
2900 0 0 0 0 0 0 
3000 0 0 0 0 0 0 
3100 1 581 716 1 4 1 
3200 2 587.5 721 1 4 1 
3300 134 653.985 800.052 1 4 1 
3400 94 663.16 808.298 1 4 1 
3500 1 681 842 1 4 1 
3600 0 0 0 0 0 0 
3700 1 579 701 1 5 1 
3800 2 587 712.5 1 5 1 
3900 15 633.067 768.467 1 5 1 
4000 194 657.309 814.046 1 5 1 
4100 24 674.042 807.458 1 5 0.998333 
4200 0 0 0 0 0 0 
4300 2 566 700 1 6 1 
4400 3 581 670.333 1 6 1 
4500 4 617.75 766 1 6 1 
4600 88 651.659 807.148 1 6 1 
4700 137 660.679 825.46 1 6 1 
4800 1 641 801 1 6 1 
4900 3 576.333 716.333 1 7 1 
5000 5 579.4 662.8 1 7 1 
5100 3 620 773.333 1 7 1 
5200 6 628.167 746.167 1 7 1 
5300 167 654.395 806.976 1 7 1 
5400 56 663.018 822.036 1 7.01786 1 
5500 2 559 690.5 1 8 1 
5600 2 748.5 398 1 7.5 0.94 
5700 2 614.5 758.5 1 8 1 
5800 4 622.5 766.5 1 8 1 
5900 75 645.24 805.28 1 8 1 
6000 138 655.42 821.993 1 8.02174 1 
6100 11 670.818 770.727 1 8.09091 0.992727 
6200 0 0 0 0 0 0 
6300 0 0 0 0 0 0 
6400 4 623.5 783.75 1 9 1 
6500 16 626.562 784.375 1 9 1 
6600 150 651.647 810.987 1 9.03333 0.9984 
6700 61 659.033 818.508 1 9.03279 1 
6800 0 0 0 0 0 0 
6900 0 0 0 0 0 0 
7000 5 608.2 768.4 1 10 1 
7100 9 585.556 735.333 1 10.4444 1 
7200 67 642.045 806.134 1 10.0597 1 
7300 131 658.405 829.198 1 10 0.998168 
7400 13 663.692 851.385 1 10 1 
7500 0 0 0 0 0 0 
7600 6 593.833 750.5 1 11 1 
7700 11 584.818 741.909 1 11.3636 1 
7800 20 620 771.95 1 11.15 1 
7900 114 653.053 821.904 1 11 1 
8000 79 660.038 827.241 1 11 0.997468 
8100 2 560 702.5 1 12 1 
8200 5 562 699.2 1 12 1 
8300 9 576.667 727.778 1 12.4444 1 
8400 7 573.857 708.714 1 12.5714 1 
8500 36 650.889 816.111 1 12 1 
8600 141 651.532 826.142 1 12.0142 1 
8700 26 653.923 805.808 1 12.1154 0.995385 
8800 9 616 621.667 1 13.2222 0.946667 
8900 12 580.417 722.667 1 13.4167 1 
9000 3 449.667 501.667 1 13.6667 1 
9100 12 632.667 785.083 1 13 1 
9200 105 647.533 819.362 1 13 1 
9300 90 644.178 808.756 1 13.1111 1 
9400 8 591.875 673.375 1 14.125 1 
9500 15 615.467 617.133 1 14.1333 0.968 
9600 2 477.5 528 1 14 1 
9700 9 474.444 561.667 1 15.1111 1 
9800 40 644.275 804.125 1 14.025 1 
9900 129 652.953 824.55 1 14.0465 1 
10000 46 614.565 753.891 1 14.4565 0.99913 
10100 8 592.125 736.375 1 15.375 1 
10200 5 714.6 296.6 1 14.2 0.856 
10300 6 592.167 570.667 1 15 0.926667 
10400 18 561 658.944 1 15.8333 1 
10500 88 653.67 796.432 1 15.1023 0.991364 
10600 104 646.154 799.375 1 15.1731 1 
10700 27 601.111 736.704 1 15.8889 1 
10800 2 361 370.5 1 19 1 
10900 5 640.6 513.2 1 15.6 0.912 
11000 8 588.25 615.5 1 16.875 0.985 
11100 46 572.109 665.37 1 17.0435 0.997391 
11200 121 645.562 788.612 1 16.1653 1 
11300 56 655.339 815.5 1 16.125 1 
11400 12 500.833 556.583 1 18.4167 1 
11500 4 520.25 613 1 18.75 1 
11600 5 595.8 601.4 1 18.4 0.952 
11700 25 620.6 601.76 1 17.72 0.9328 
11800 73 619.658 716.589 1 17.6438 0.990685 
11900 98 652.449 806.571 1 17.0612 1 
12000 31 610.129 751.774 1 17.6452 1 
12100 3 353.667 366.667 1 22.3333 1 
12200 11 535.545 646 1 20.0909 1 
12300 17 597 644.647 1 18.9412 0.974118 
12400 32 572.906 668.875 1 18.9688 0.995 
12500 96 621.875 751.719 1 18.6667 0.994167 
12600 71 653.718 821.746 1 18.1268 0.993803 
12700 12 494.417 582.083 1 20.75 1 
12800 7 585.714 518.857 1 20.8571 0.897143 
12900 25 478.68 558.24 1 22.24 1 
13000 16 620.188 757.562 1 19.5 1 
13100 62 607.823 749.806 1 19.7903 0.996774 
13200 101 621.653 769.366 1 19.7921 0.99802 
13300 39 629.179 706.795 1 19.8205 0.977436 
13400 14 484.5 574.929 1 22.5 1 
13500 10 474.2 537.3 1 23.8 1 
13600 18 396.944 435.333 1 25.7222 1 
13700 41 632.171 792.902 1 20.3415 1 
13800 89 604.539 740.775 1 21.0899 0.997753 
13900 75 604.907 746.293 1 21.2533 1 
14000 35 573.2 592.571 1 22.7714 0.969143 
14100 12 380.75 333.417 1 26.5 0.986667 
14200 7 470.571 553.714 1 25.5714 1 
14300 50 473.2 547.22 1 25.48 1 
14400 39 622.231 778.436 1 22 1 
14500 100 610.18 749.76 1 22.12 0.9976 
14600 55 560.255 683.545 1 23.7455 1 
14700 19 447.421 429.737 1 27.5263 0.983158 
14800 21 431.143 366.143 1 27.2381 0.980952 
14900 27 471.926 558.444 1 26.9259 1 
15000 46 469.783 540.826 1 27.2826 1 
15100 83 599.253 736.687 1 23.5181 1 
15200 69 590.652 734.435 1 24.1014 1 
15300 24 562.958 690.917 1 25.6667 1 
15400 25 377.64 409.44 1 31.32 1 
15500 24 464.833 477 1 28.3333 0.985 
15600 26 552.115 676.538 1 26.2692 1 
15700 76 530.987 633.263 1 27.1316 1 
15800 58 583.086 719.724 1 25.8103 1 
15900 53 572.17 706.472 1 25.8491 1 
16000 16 581.125 725.188 1 28.1875 1 
16100 49 418.061 469.612 1 31.8571 1 
16200 41 447.585 518.61 1 30.122 1 
16300 28 584.75 644.714 1 26.2857 0.978571 
16400 75 559.093 675.893 1 27.9733 1 
16500 83 526.434 636.048 1 28.8072 1 
16600 32 490.25 580.5 1 30.3125 1 
16700 15 624.067 789.267 1 27.8667 1 
16800 78 435.654 490.821 1 32.9615 1 
16900 25 428.24 470.8 1 32.56 1 
17000 25 608.6 721.56 1 27.08 0.9936 
17100 78 516.038 611.91 1 31.2949 1 
17200 77 493.377 577.442 1 32 1 
17300 35 494.914 583.914 1 32.6286 1 
17400 26 504.692 581.769 1 31.9615 1 
17500 61 403.852 439.279 1 36.3934 1 
17600 29 391.966 411.724 1 36.5862 1 
17700 44 564.182 683.545 1 30.3864 1 
17800 69 540.203 628.13 1 32.029 0.986667 
17900 75 454.227 517.08 1 35.2533 1 
18000 30 431.867 472.233 1 35.7333 1 
18100 18 493.611 579.556 1 36.2778 1 
18200 67 393.627 416.612 1 39.1642 0.986866 
18300 46 417.565 447.217 1 37.1957 1 
18400 61 525.033 625.426 1 33.8361 1 
18500 73 530.274 603.986 1 33.9452 0.986849 
18600 59 397.203 421.678 1 40 1 
18700 37 369.459 371.162 1 41.4054 0.989189 
18800 19 467.158 535.474 1 39.3158 1 
18900 66 394.621 427.864 1 40.8939 1 
19000 106 432.415 484.17 1 38.7642 1 
19100 33 573.788 686.273 1 32.7576 1 
19200 28 484.643 569.893 1 38.5714 1 
19300 105 359.99 373.457 1 43.0762 0.992 
19400 28 420.214 466.964 1 42 1 
19500 15 479.267 569.933 1 40.1333 1 
19600 83 421.422 478.349 1 41.6386 1 
19700 99 429.283 479.848 1 40.7576 1 
19800 28 519.179 628.036 1 38.7143 1 
19900 15 432.6 493.533 1 42.8667 1 
20000 98 369.52 379.459 1 45 0.99102 
20100 47 395.511 431.404 1 43.5319 1 
20200 33 528.424 629.303 1 40.4545 1 
20300 69 408.71 431.043 1 44.5072 1 
20400 87 399.609 428.77 1 44.0115 1 
20500 28 440.786 481 1 43.6429 1 
20600 40 360.175 379.775 1 47.5 1 
20700 84 395.655 412.31 1 45.4405 0.989524 
20800 71 401.958 431 1 45.3099 1 
20900 40 369.1 381.45 1 47.925 1 
21000 48 449.792 507.604 1 44.6042 1 
21100 99 369.848 386.818 1 47.5152 1 
21200 35 350.286 356.829 1 49.4857 1 
21300 41 396.39 425.732 1 47.7317 1 
21400 81 389.877 415.63 1 46.9383 1 
21500 81 355.975 368.296 1 49.3827 1 
21600 40 415.875 451.525 1 47.975 1 
21700 44 390.432 417.023 1 49.0909 1 
21800 99 361.505 371.242 1 49.9495 1 
21900 55 401.782 430.909 1 48.5455 1 
22000 36 384.583 411.222 1 50.5278 1 
22100 68 384.441 402.029 1 50.5294 1 
22200 99 349.636 348.162 1 51.798 1 
22300 29 392.379 409.069 1 50.8621 1 
22400 62 353.613 355.968 1 51.3226 1 
22500 104 384.077 384.817 1 51.8173 0.999231 
22600 47 350.511 353.915 1 53.1064 1 
22700 49 372.592 390.102 1 53.0612 1 
22800 84 349.5 355.762 1 53.9286 1 
22900 67 358.746 364.493 1 53.3881 1 
23000 45 385.578 411.978 1 53.2 1 
23100 73 334.959 324.096 1 55.1233 0.993425 
23200 74 372.351 390.608 1 54.2027 1 
23300 64 338.766 327.141 1 55.5 0.999375 
23400 72 360.528 377.861 1 55.9167 1 
23500 65 309.6 302.554 1 57.5692 1 
23600 80 378.675 399.762 1 54.375 1 
23700 82 334.183 321.415 1 57.2561 0.993171 
23800 60 331.967 340.917 1 58.4 1 
23900 73 356.945 372.178 1 57.0959 1 
24000 76 326.158 325.171 1 58.3289 1 
24100 67 330.91 337.731 1 58.7761 1 
24200 61 305.951 286.852 1 59.9016 0.989508 
24300 72 357.056 364.528 1 58.0417 1 
24400 104 296.144 281.798 1 61.2019 1 
24500 32 413.594 460.875 1 59.2812 1 
24600 85 327.388 322.047 1 60.9294 0.992471 
24700 88 355.534 369.614 1 60.0455 1 
24800 61 322.131 305.574 1 62.1148 0.99082 
24900 52 306.577 299.519 1 62.6538 1 
25000 84 330.429 331.929 1 61.369 1 
25100 102 292.088 275.578 1 64.451 0.993333 
25200 22 375.409 397.909 1 62.3182 1 
25300 121 281.727 260.256 1 65.157 1 
25400 69 329.348 331.101 1 62.7246 1 
25500 80 279.538 264.45 1 66.9 1 
25600 51 306.059 298.216 1 65.6863 1 
25700 112 319.83 321.089 1 65.5536 1 
25800 67 294.567 289.09 1 67.597 1 
25900 41 319.854 320.707 1 67.3415 1 
26000 130 268.715 245.431 1 68.8077 1 
26100 50 363.66 390.76 1 65.96 1 
26200 114 255.904 226.632 1 70.5965 1 
26300 51 330.843 332.529 1 67.9412 1 
26400 104 261.413 237.269 1 70.8654 1 
26500 78 285.679 272.308 1 69.5385 1 
26600 71 274.042 259.056 1 72.0986 1 
26700 100 274.31 256.58 1 72.22 1 
26800 58 320.603 325.776 1 69.9828 0.99931 
26900 124 253.516 226.556 1 73.3952 1 
27000 41 324.073 337.683 1 71.2195 1 
27100 109 248.33 217.716 1 74.9541 1 
27200 62 313.226 318.855 1 72.2419 1 
27300 95 258.474 237.211 1 75.6316 1 
27400 68 268.529 247.779 1 75.8529 1 
27500 99 281.939 274.051 1 74.9192 1 
27600 90 263.922 245.522 1 76.3667 1 
27700 57 279.667 269.842 1 77.1754 1 
27800 130 249.992 222.377 1 77.3615 1 
27900 64 287.125 285.438 1 76.7344 1 
28000 102 236.382 200.353 1 79.5686 0.997255 
28100 71 257.042 236.986 1 78.831 1 
28200 119 249.176 219.874 1 79.4538 1 
28300 78 264.91 246.526 1 79.4744 1 
28400 98 274.643 261.878 1 80.3878 1 
28500 80 255.775 229.575 1 80.925 1 
28600 77 265.013 248.052 1 80.2987 1 
28700 111 249.973 223.928 1 82.0991 1 
28800 64 288.422 287.531 1 81.5469 1 
28900 94 246.277 215.372 1 82.9681 1 
29000 90 276.233 271.2 1 82.6778 1 
29100 95 276.032 263.105 1 83.2211 1 
29200 78 253.205 234.372 1 84.4487 1 
29300 68 279.735 271.779 1 84.5735 1 
29400 117 269.615 257.017 1 84.5043 1 
29500 60 265.033 256.167 1 85.15 1 
29600 99 260.788 243.242 1 86.101 1 
29700 82 281.585 280.366 1 84.9146 1 
29800 107 253.047 228.776 1 86.8785 1 
29900 80 262.712 253.1 1 87.0375 1 
30000 108 263.25 243.769 1 87.4352 1 
30100 92 259.12 241.837 1 88.1522 1 
30200 74 258.095 235.432 1 88.8919 1 
30300 106 252.962 230.434 1 88.9717 1 
30400 61 267.672 252.459 1 88.623 1 
30500 110 251.973 223.345 1 90.3727 1 
30600 73 266.027 253.63 1 89.5068 1 
30700 117 260.855 235.368 1 91.0256 1 
30800 76 263.75 245.447 1 90.9737 1 
30900 95 250.768 220.347 1 92.3895 1 
31000 94 250.596 223.149 1 92.2234 1 
31100 102 252.255 223.059 1 92.7451 1 
31200 89 251.27 227.64 1 93.3933 1 
31300 81 261.728 238.346 1 93.4568 1 
31400 103 252.087 228.146 1 94.3204 1 
31500 69 258.449 237.942 1 93.8986 1 
31600 101 254.386 227.515 1 95.4158 1 
31700 88 266.534 248.625 1 95.1818 1 
31800 104 248.587 219.875 1 95.875 1 
31900 74 250.405 222.27 1 96.5541 1 
32000 89 265.876 248.236 1 96.9326 1 
32100 98 267.561 249.878 1 97.1837 1 
32200 83 262.855 242.566 1 97.2289 1 
32300 72 249.514 227.014 1 98.4306 1 
32400 102 271.157 255.824 1 98.5784 1 
32500 89 249.854 217.674 1 99.1236 1 
32600 79 263.241 243.101 1 99.8481 1 
32700 117 241.231 212.966 1 100.308 1 
32800 79 264.81 243.899 1 100.532 1 
32900 92 253.402 231.837 1 101.174 1 
33000 82 281.305 273.89 1 100.976 1 
33100 114 260.272 239.5 1 101.86 1 
33200 75 263.973 248.893 1 102.28 1 
33300 85 246.741 220.788 1 103.341 1 
33400 100 253.5 229.43 1 102.63 1 
33500 84 266.321 251.774 1 103.821 1 
33600 78 263.526 247.551 1 104.115 1 
33700 81 271.728 262.309 1 103.667 1 
33800 105 259.933 240.705 1 105.076 1 
33900 68 271.471 254.721 1 105.279 1 
34000 97 252.082 227.577 1 105.402 1 
34100 89 279.685 271.607 1 106.169 1 
34200 78 248.603 225.551 1 107.205 1 
34300 87 262.874 238.931 1 106.184 1 
34400 85 264.8 253.553 1 107.988 1 
34500 82 259.988 239.073 1 107.988 1 
34600 86 259.837 241.326 1 108.279 1 
34700 78 284.782 276.795 1 108.821 1 
34800 95 249.537 230.284 1 109.463 1 
34900 80 278.675 263.663 1 109.05 0.9995 
35000 85 259.494 241.376 1 110.106 1 
35100 91 277.088 268.527 1 110.615 1 
35200 90 276.289 258.056 1 110.911 0.990222 
35300 73 265.205 252.493 1 110.959 0.998904 
35400 90 256.578 232.056 1 111.822 1 
35500 80 258.837 246.213 1 112.162 1 
35600 94 266.851 244.84 1 112.34 0.997447 
35700 86 255.174 230.419 1 113.686 0.990698 
35800 84 281.893 272.119 1 113.345 0.999524 
35900 103 258.796 240.893 1 113.505 1 
36000 52 266.808 259.308 1 114.365 1 
36100 113 245.982 218.035 1 115.186 1 
36200 70 289.786 291.7 1 114.271 1 
36300 114 249.018 216.228 1 116.465 0.992982 
36400 54 267.759 256.019 1 115.963 1 
36500 115 266.548 252 1 116.757 1 
36600 86 269.465 249.558 1 116.919 0.997209 
36700 61 240.902 215.295 1 118.41 1 
36800 103 247.67 215.621 1 117.874 1 
36900 79 290.468 284.81 1 117.899 0.996962 
37000 97 242.309 213.041 1 119.515 1 
37100 61 258.557 237.197 1 119.033 0.998689 
37200 116 265.621 249.353 1 119.802 1 
37300 84 267.202 251.202 1 120.369 1 
37400 72 244.014 211.083 1 121.431 0.995 
37500 110 264.309 243.455 1 120.509 1 
37600 77 264.675 246.519 1 122.13 0.998442 
37700 85 261.541 244.553 1 121.894 1 
37800 103 277.068 249.107 1 122.175 0.99301 
37900 93 266.978 241.871 1 122.688 0.996559 
38000 90 266.622 249.922 1 123.3 1 
38100 90 256.044 222.322 1 123.967 0.991556 
38200 87 277.563 261.356 1 123.851 0.997241 
38300 101 265.257 247.881 1 124.436 1 
38400 77 266.714 246.299 1 125.234 0.994805 
38500 90 274.333 257.189 1 124.489 1 
38600 90 259.833 247.5 1 125.811 1 
38700 86 263.267 245.023 1 126.058 1 
38800 107 254.439 237.29 1 126.673 1 
38900 70 295.471 295.543 1 126.271 1 
39000 108 262.731 234.583 1 127.389 0.997407 
39100 65 268.369 266.308 1 127.154 1 
39200 116 265.284 239.853 1 128.474 1 
39300 73 259.411 251.37 1 128.712 1 
39400 86 256.942 234 1 128.593 0.997674 
39500 104 267.442 243.856 1 129.712 1 
39600 63 269.175 254.127 1 130.032 1 
39700 95 261.642 235.842 1 129.516 0.992 
39800 87 276.782 275.517 1 130.701 1 
39900 91 261.462 240.791 1 131.385 1 
40000 90 269.033 242.667 1 131.289 0.987556 
40100 84 273.488 248.286 1 132.214 1 
40200 80 268.85 256.125 1 131.975 1 
40300 95 261.326 248.421 1 133.674 0.997474 
40400 87 264.23 248.011 1 132.506 1 
40500 99 275.465 270.141 1 133.788 0.997172 
40600 88 255.375 238.545 1 133.977 1 
40700 75 268.693 258.867 1 134.44 1 
40800 90 262.811 250.589 1 135.3 0.997333 
40900 84 268.048 264.024 1 134.881 1 
41000 93 262.871 254.505 1 136.043 0.99914 
41100 87 261.391 255.08 1 136.046 0.998621 
41200 88 278.477 278.352 1 137.091 0.999091 
41300 91 262.308 249.396 1 137.198 0.995165 
41400 73 264.274 258.767 1 136.973 1 
41500 93 264.172 258 1 138.72 1 
41600 96 268.979 253.688 1 137.312 0.996667 
41700 81 257.704 253.148 1 139.395 1 
41800 103 262.476 248.34 1 139.544 0.998058 
41900 82 265.341 250.61 1 138.732 0.997073 
42000 107 249.822 234.907 1 140.804 1 
42100 70 274.243 256.271 1 139.8 0.993714 
42200 103 271.67 253.68 1 141.951 0.989903 
42300 82 259.341 238.305 1 140.695 0.999024 
42400 93 259.054 238.892 1 143.387 0.994839 
42500 87 272.287 263.23 1 141.138 1 
42600 86 249.733 222.93 1 143.593 0.993953 
42700 86 261.756 236.012 1 143.384 0.986977 
42800 90 266.767 250.278 1 144.456 1 
42900 74 267.919 253.946 1 144.392 0.999459 
43000 116 269.526 256.302 1 145.043 0.997586 
43100 57 261.877 239.263 1 146.561 0.996491 
43200 91 254.923 237.165 1 145.835 0.998242 
43300 86 262.721 249.198 1 146.058 0.99907 
43400 101 264.891 249.881 1 147.723 1 
43500 76 268.237 264.013 1 146.118 0.996316 
43600 92 262.478 238.674 1 148.413 0.995652 
43700 79 270.114 255.848 1 147.734 0.997975 
43800 74 262.608 249.365 1 148.743 1 
43900 101 252.376 227.891 1 149.584 0.994851 
44000 94 248.809 229.085 1 149.468 0.999574 
44100 97 272.093 252.804 1 150.155 0.996701 
44200 88 268.818 252.125 1 149.716 0.998636 
44300 115 252.191 233.322 1 151.783 1 
44400 62 263.484 245.903 1 149.887 0.993548 
44500 109 245.183 221.321 1 152.991 0.995229 
44600 77 267.649 254.468 1 150.779 1 
44700 88 251.307 229.318 1 153.784 0.993636 
44800 89 273.865 258.449 1 151.955 0.999101 
44900 102 256.363 239.51 1 155.186 0.999608 
45000 86 264.291 227.756 1 152.035 0.974884 
45100 99 245.182 229.96 1 155.768 0.997576 
45200 66 258.909 241.561 1 154.591 0.997576 
45300 119 264.975 246.622 1 155.328 0.988571 
45400 66 277.242 279.833 1 156.5 1 
45500 102 260.706 243.049 1 155.971 0.992157 
45600 82 259.671 258.402 1 157.317 1 
45700 88 264.341 249.398 1 157.545 0.996364 
45800 91 264.835 241.066 1 156.824 0.978462 
45900 89 258.809 239.36 1 158.685 0.986067 
46000 67 259.582 253.985 1 159.03 1 
46100 104 288.077 293.558 1 158.808 1 
46200 76 253.684 224.868 1 160.079 0.986316 
46300 88 267.5 257.489 1 160.636 0.981818 
46400 106 257.698 237.472 1 160.708 1 
46500 70 249.186 236.271 1 161.786 0.993143 
46600 113 249.593 229.841 1 161.425 0.999292 
46700 74 264.324 250.73 1 162.081 0.989189 
46800 101 256.485 237.337 1 162.713 1 
46900 73 247.658 225.123 1 162.685 0.999452 
47000 89 251.551 235.258 1 165 1 
47100 87 254.391 240.931 1 162.632 1 
47200 113 256.274 245.345 1 165.841 0.999646 
47300 81 250.309 229.642 1 163.926 1 
47400 93 245.452 233.011 1 167.226 1 
47500 80 268.75 252.312 1 165.463 1 
47600 119 255.815 245.555 1 166.546 1 
47700 62 239.677 206.339 1 168.79 1 
47800 107 266.271 244.963 1 167.252 0.997009 
47900 83 250.145 237.687 1 168.386 1 
48000 89 248.966 216.663 1 168.629 0.991461 
48100 90 257.089 235.856 1 168.433 0.991556 
48200 97 256.918 239.907 1 169.598 1 
48300 71 257.042 244.634 1 169.521 1 
48400 86 266.047 245.302 1 170.593 0.989767 
48500 110 261.873 242.264 1 169.655 1 
48600 64 280.188 255.125 1 171.641 0.988125 
48700 101 245.901 209.267 1 171.574 0.992475 
48800 70 279.743 268.6 1 170.629 1 
48900 108 246.963 214.833 1 172.389 1 
49000 65 261.415 246.4 1 173.615 0.999385 
49100 81 261.654 249 1 174.519 1 
49200 111 258.162 232.964 1 173.378 1 
49300 77 261 246.506 1 175.429 1 
49400 108 240.602 212.426 1 174.667 1 
49500 60 246.5 238.583 1 176.15 1 
49600 135 247.889 217.022 1 175.452 1 
49700 56 277.929 277.946 1 176.839 1 
49800 107 246.093 228.748 1 177.879 1 
49900 83 263.084 239.94 1 176.084 1 
50000 75 258.32 244.587 1 178.6 1 
50100 110 246.564 216.709 1 178.109 1 
50200 79 247.532 230.57 1 180.051 1 
50300 100 258.01 235.44 1 179.1 1 
50400 75 244.653 208.707 1 181.92 0.999467 
50500 97 246.278 223.619 1 180.577 1 
50600 96 243.667 218.458 1 182.5 1 
50700 79 266.835 225.911 1 182.076 0.999494 
50800 100 240.83 215.37 1 182.28 1 
50900 101 258.554 236.05 1 184.119 1 
51000 110 254.536 226.918 1 182.364 1 
51100 61 263.41 252.131 1 184.148 1 
51200 108 236.269 211.537 1 186.157 1 
51300 78 268.5 243.449 1 183.513 1 
51400 100 243.45 221.94 1 187.21 1 
51500 85 265.835 236.612 1 184.671 0.989647 
51600 88 244.648 223.318 1 187.92 1 
51700 95 252.947 228 1 185.232 1 
51800 81 238.815 205.222 1 187.988 0.98963 
51900 91 246.791 219.879 1 187.857 1 
52000 108 270.713 252.88 1 187.574 1 
52100 77 256.948 236.636 1 188.779 1 
52200 98 262.245 235.102 1 188.378 1 
52300 87 243.598 218.241 1 190.264 1 
52400 78 244.474 217.538 1 188.115 1 
52500 102 259.745 233.598 1 191.696 0.991373 
52600 74 272.757 260.77 1 187.919 1 
52700 116 255.509 240.095 1 192.112 1 
52800 70 271.857 256.814 1 191.186 1 
52900 129 249.256 235.891 1 191.752 1 
53000 62 292.516 281.774 1 192.71 1 
53100 110 229.864 204.036 1 193.455 1 
53200 79 267.848 253.544 1 193.101 1 
53300 95 253.716 232.116 1 194.053 1 
53400 81 256.951 246.914 1 194.741 1 
53500 83 253.169 240.434 1 194.59 1 
53600 106 257.962 241.868 1 195.509 1 
53700 71 268.972 263.944 1 196.141 1 
53800 119 243.538 224.983 1 195.782 1 
53900 58 251.241 242.155 1 198.241 1 
54000 108 244.269 226.287 1 196.361 1 
54100 84 267.357 268.095 1 198.655 1 
54200 102 249.373 237.941 1 198.608 1 
54300 87 253.609 245.655 1 199.092 1 
54400 77 275.039 279.013 1 199.649 1 
54500 118 248.941 234.864 1 199.542 1 
54600 53 254.642 248.736 1 201.604 1 
54700 126 250.008 235.365 1 200.135 1 
54800 70 256.157 245.4 1 201.514 1 
54900 102 242.578 218.471 1 201.931 1 
55000 82 270.146 267.439 1 202.073 1 
55100 109 242.596 224.991 1 202.67 0.999266 
55200 76 265.579 254.421 1 202.711 1 
55300 72 246.847 236.639 1 204.208 1 
55400 117 256.632 241.59 1 203.795 1 
55500 55 276.655 278.218 1 205.745 1 
55600 122 254.615 231.689 1 204.393 1 
55700 60 276.183 272.067 1 205.95 1 
55800 109 249.991 235.917 1 205.578 1 
55900 77 250.805 234.974 1 207.026 1 
56000 81 242.284 225.346 1 206.296 1 
56100 104 271.894 267.529 1 206.99 0.999231 
56200 77 254.792 240.649 1 208.273 0.99013 
56300 111 252.973 239.459 1 207.856 1 
56400 62 253.339 250.887 1 209.532 1 
56500 114 250.956 231.711 1 208.412 0.999298 
56600 68 266.809 253.691 1 209.309 0.988824 
56700 97 254.062 239.608 1 210.186 1 
56800 89 248.202 231.022 1 209.18 0.999101 
56900 83 241.88 224.386 1 211.325 1 
57000 116 258.853 240.328 1 210.198 0.997931 
57100 86 246.349 232.628 1 211.849 1 
57200 102 256.176 238.49 1 211.265 0.995294 
57300 91 260.78 253.176 1 212.901 0.999121 
57400 85 271.776 266.765 1 212.553 1 
57500 99 241.808 224.263 1 213.061 0.999596 
57600 63 270.651 259.222 1 213.429 1 
57700 136 247.699 233.397 1 214.213 1 
57800 47 255.085 240 1 213.83 0.999149 
57900 117 247.641 229.863 1 216.265 1 
58000 91 268.011 266.22 1 214.363 0.997802 
58100 82 245.671 228.256 1 216.817 1 
58200 95 252.968 240.747 1 216.8 1 
58300 93 269.871 264.774 1 217.194 0.996559 
58400 112 251.152 235.473 1 218.152 1 
58500 70 262.229 255.1 1 218.471 1 
58600 102 256.402 241.471 1 218.843 0.998824 
58700 74 278.622 276.189 1 217.581 1 
58800 120 254.208 226.033 1 220.508 0.996333 
58900 67 250.716 232.672 1 218.657 1 
59000 120 250.683 236.433 1 221.133 1 
59100 63 251.143 233.825 1 219.937 0.999365 
59200 87 249.506 228.184 1 222.184 1 
59300 101 251.792 238.564 1 221.079 0.999208 
59400 94 265.106 256.106 1 221.968 1 
59500 105 235.371 207.571 1 223.933 1 
59600 80 258.113 221.662 1 223.375 0.998 
59700 120 248.642 229.458 1 224.683 1 
59800 63 252.667 234.841 1 223.016 1 
59900 108 236.102 208.287 1 225.907 1 
60000 89 279.697 275.955 1 224.202 0.999551 
60100 97 240.887 214.979 1 226.33 0.996701 
60200 85 244.353 222.471 1 227.318 1 
60300 92 251.87 228.707 1 225.826 0.999565 
60400 102 244.402 227.5 1 227.99 0.996471 
60500 79 256.747 241.633 1 226.81 1 
60600 123 254.407 233.772 1 228.545 0.997724 
60700 75 255.187 245.48 1 227.84 1 
60800 104 226.548 198.029 1 229.74 1 
60900 83 253.084 229.867 1 228.627 0.999036 
61000 118 240.525 216.356 1 230.161 1 
61100 78 257.205 241.59 1 230.449 0.999487 
61200 102 257.196 241.029 1 231.078 0.998824 
61300 85 250.635 230.906 1 231.965 1 
61400 90 238.444 219 1 231.6 1 
61500 105 255.524 231.99 1 232.676 1 
61600 84 245.917 226.298 1 233.119 1 
61700 100 235.37 212.01 1 234.18 1 
61800 83 257.639 237.361 1 233.048 1 
61900 94 234.787 210.681 1 234.851 1 
62000 90 243.133 228.467 1 235.5 1 
62100 114 248.307 230.026 1 234.921 1 
62200 90 248.011 231.722 1 236.122 1 
62300 100 244.72 217.7 1 236.68 1 
62400 76 243.868 223.25 1 237.171 1 
62500 111 235.198 218.369 1 237.207 1 
62600 89 238.236 213.966 1 238.573 1 
62700 103 241.65 221.709 1 238.252 1 
62800 107 232.804 213.037 1 239.533 1 
62900 82 252.671 239.146 1 238.854 1 
63000 130 233.277 211.885 1 240.431 1 
63100 91 233.78 215.099 1 241.209 1 
63200 94 238.798 226.851 1 240.66 1 
63300 102 227.735 207.598 1 242.48 1 
63400 110 241.609 231.473 1 241.864 1 
63500 95 245.758 240.4 1 243.137 1 
63600 96 229.656 212.302 1 243.021 0.999583 
63700 107 237.355 226.327 1 244.084 1 
63800 87 249.103 243.586 1 243.598 1 
63900 104 222.856 205.404 1 245.404 1 
64000 108 249.861 242.907 1 245.009 1 
64100 89 235.865 228.989 1 246 1 
64200 114 240.167 227.395 1 246.474 1 
64300 92 242.478 238.489 1 246.728 1 
64400 101 221.614 200.079 1 248.069 0.999604 
64500 100 231.81 224.61 1 249.19 1 
64600 97 246.866 240.052 1 248.278 1 
64700 103 244.767 237.291 1 249.369 1 
64800 101 257.941 263.287 1 249.683 1 
64900 100 230.43 219.76 1 250.4 1 
65000 98 234.245 226.031 1 251.459 0.999592 
65100 102 246.961 244.5 1 250.588 1 
65200 95 232.526 220.421 1 253.242 0.994947 
65300 113 244.832 242.336 1 252.593 1 
65400 83 252.12 252.277 1 251.831 1 
65500 104 226.846 216.654 1 254.038 0.995385 
65600 103 230.485 218.738 1 254.689 1 
65700 98 237.959 233.694 1 254.092 1 
65800 99 236.061 225.535 1 255.101 0.999596 
65900 105 233.781 228.724 1 256.457 1 
66000 101 241.455 233.099 1 255.089 1 
66100 88 224.989 216.625 1 257.92 1 
66200 120 228.975 216.2 1 257.042 1 
66300 93 230.312 221.011 1 258.032 0.996989 
66400 93 221.774 209.151 1 260.806 1 
66500 119 237.185 229.723 1 259.126 1 
66600 87 233.621 225.54 1 260.77 1 
66700 134 219.694 203.328 1 262.321 1 
66800 64 231.156 225.188 1 262.047 1 
66900 120 214.558 194.158 1 263.5 0.999667 
67000 94 214.596 200.117 1 264.383 1 
67100 100 228.28 218.97 1 264.47 1 
67200 117 225.923 213.863 1 263.983 1 
67300 88 234.886 231.205 1 266.898 1 
67400 127 217.031 200.126 1 266.323 1 
67500 107 222.822 213 1 269.364 1 
67600 91 224.945 211.187 1 266.132 1 
67700 133 205.902 188.895 1 271.06 1 
67800 89 224.112 215.27 1 271.506 1 
67900 110 212.682 196.664 1 269.182 1 
68000 100 211.66 196.79 1 273.72 1 
68100 122 209.697 188.295 1 270.23 1 
68200 107 202.29 181.822 1 275.439 1 
68300 128 205.188 182.992 1 273.945 1 
68400 101 218.901 205.158 1 274.069 1 
68500 112 209.214 191.982 1 276.116 1 
68600 118 197.203 172.847 1 278.008 1 
68700 105 215.048 202.657 1 276.267 1 
68800 114 203.754 182.57 1 278.36 1 
68900 122 196.295 172.123 1 280.131 1 
69000 86 232.128 227.64 1 276.756 1 
69100 123 191.813 164.789 1 281.919 1 
69200 127 204.457 185.724 1 281.157 1 
69300 82 217.744 203.671 1 280.22 1 
69400 122 211.115 195.746 1 283.631 1 
69500 112 211.214 193.973 1 281.777 1 
69600 106 209.934 193.16 1 284.755 1 
69700 113 194.788 171.274 1 285.549 1 
69800 91 211.165 193.945 1 283.802 1 
69900 124 194.903 169.605 1 287.468 1 
70000 131 203.137 184.237 1 286.076 1 
70100 90 205.411 184.278 1 288.244 1 
70200 130 197.985 175.9 1 287.669 1 
70300 120 197.725 173.375 1 290.942 1 
70400 121 203.826 181.793 1 289.413 1 
70500 99 189.313 163.212 1 292.141 1 
70600 144 203.542 183.118 1 291.778 1 
70700 90 202.133 178.756 1 292.444 1 
70800 139 187.129 156.683 1 293.612 1 
70900 103 208.34 187.738 1 293.981 1 
71000 131 198.321 173.458 1 293.977 1 
71100 122 190.525 160.475 1 297.992 1 
71200 123 197.585 174.837 1 294.016 1 
71300 111 195.622 167.532 1 298.477 1 
71400 142 192.401 167.134 1 296.148 1 
71500 84 187.702 156.905 1 299.655 1 
71600 144 193.806 168.778 1 298.688 1 
71700 104 189.337 158.75 1 300.5 1 
71800 110 187.464 157.945 1 301.673 1 
71900 127 195.606 171.433 1 301.031 1 
72000 96 195.75 161.427 1 301.885 0.992083 
72100 131 191.809 167.336 1 302.71 1 
72200 122 185.828 152.59 1 304.713 1 
72300 95 204.358 178.326 1 302.537 1 
72400 134 190.567 165.507 1 305.448 1 
72500 115 197.322 169.443 1 306.426 1 
72600 106 186 157 1 306.085 1 
72700 143 191.119 160.084 1 307.098 1 
72800 94 206.181 183.255 1 306.904 1 
72900 139 194.547 165.137 1 308.525 0.998561 
73000 134 188.052 153.373 1 309.224 1 
73100 100 214.05 196.96 1 308.73 1 
73200 120 193.8 161.4 1 310.542 1 
73300 128 185.406 155.594 1 310.414 1 
73400 91 218.934 208.11 1 311.264 1 
73500 126 180.96 146.349 1 312.579 1 
73600 109 200.147 179.459 1 312.229 1 
73700 105 203.762 177.381 1 313.667 1 
73800 145 184.503 151.69 1 314.407 1 
73900 80 204.4 185.287 1 314.363 1 
74000 144 192.618 165.243 1 315.431 1 
74100 115 193.913 168.322 1 316.983 1 
74200 97 192.763 166.866 1 316.619 1 
74300 151 187.179 158.795 1 317.907 1 
74400 104 182.288 152.769 1 318.067 1 
74500 125 187.952 159.432 1 319.872 1 
74600 134 199.821 177.761 1 319.963 1 
74700 111 193.874 169 1 321.162 1 
74800 111 186.459 156.153 1 321.225 1 
74900 142 197.197 173.979 1 322.394 1 
75000 112 189.812 159.312 1 322.438 1 
75100 128 180.297 147.859 1 323.914 1 
75200 117 184.154 152.376 1 324.333 1 
75300 128 181.578 148.789 1 324.438 0.993125 
75400 108 194.815 167.63 1 325.648 1 
75500 123 185.171 154.252 1 325.74 1 
75600 154 186.695 156.188 1 326.494 1 
75700 89 186.528 153.831 1 327.888 1 
75800 149 177.993 144.02 1 327.631 1 
75900 118 186.949 157.805 1 328.559 1 
76000 121 180.959 147.364 1 329.595 1 
76100 136 184.132 152.949 1 328.846 1 
76200 112 183.518 150.464 1 331.009 1 
76300 131 175.985 140.336 1 330.473 1 
76400 118 190.958 163.085 1 331.873 1 
76500 124 186.371 155.234 1 331.637 1 
76600 135 184.244 152.874 1 333.193 1 
76700 115 189.809 161.861 1 332.791 1 
76800 136 186.978 157.735 1 334.596 1 
76900 133 179.293 145.18 1 334.383 1 
77000 100 185.85 156.97 1 335.93 1 
77100 152 186.362 157.217 1 335.434 1 
77200 110 194.291 163.736 1 337.327 1 
77300 134 182.806 151.679 1 336.104 1 
77400 132 187.644 158.977 1 338.583 1 
77500 114 187.351 157.982 1 337.596 1 
77600 113 184.726 149.239 1 338.938 1 
77700 131 187.672 156.542 1 340.198 1 
77800 90 190.678 162 1 338.678 1 
77900 118 189.364 151.61 1 341.534 1 
78000 146 185.432 151.979 1 339.781 1 
78100 117 191.932 162.444 1 341.812 1 
78200 120 189.058 161.733 1 341.9 1 
78300 125 186.072 157.4 1 342.824 1 
78400 107 196.551 169.168 1 342.72 1 
78500 121 196.339 175.099 1 343.645 1 
78600 117 194.333 169.291 1 343.684 1 
78700 118 192.737 166.636 1 345.508 1 
78800 106 208.387 192.132 1 344.406 1 
78900 122 207.959 190.418 1 346.672 1 
79000 107 183.738 149.477 1 346.542 1 
79100 126 209.524 194.032 1 347.73 1 
79200 114 186.018 152.86 1 348.851 1 
79300 100 211.61 192.43 1 348.19 1 
79400 136 202.64 183 1 350.044 1 
79500 111 200.333 170.874 1 350.937 1 
79600 108 187.759 161.917 1 351.213 1 
79700 116 199.853 176.069 1 352.664 1 
79800 116 189.078 163.664 1 352.198 1 
79900 114 194.728 170.263 1 353.605 1 
80000 125 193.648 167.736 1 354.48 1 
80100 97 215.68 200.845 1 354.113 1 
80200 119 189.765 161.429 1 355.445 1 
80300 129 201.543 181.093 1 356.318 1 
80400 111 202.279 179.73 1 356.207 1 
80500 105 180.095 140.867 1 358.295 0.997333 
80600 131 209.092 188.267 1 357.16 1 
80700 104 196.163 168.981 1 358.519 1 
80800 133 198.308 169.338 1 359.241 1 
80900 99 211.081 188.778 1 359.596 0.993939 
81000 107 187.561 157.411 1 360.785 1 
81100 125 203.408 174.328 1 360.664 0.99936 
81200 84 203.512 181.726 1 361.75 1 
81300 127 204.976 183.228 1 362.024 1 
81400 93 199.258 175.129 1 362.29 1 
81500 116 208.052 187.414 1 363.534 1 
81600 121 199.388 171.595 1 364.471 1 
81700 101 204.723 181.901 1 365.05 1 
81800 114 195.746 169.447 1 365.728 1 
81900 125 195.168 167.264 1 366.368 1 
82000 97 219.773 203.144 1 366.763 1 
82100 135 194.259 167.03 1 367.741 1 
82200 117 191.846 159.325 1 368.573 0.999658 
82300 108 198.102 173.176 1 368.796 0.99963 
82400 124 196.976 168.887 1 369.597 0.999677 
82500 125 190.528 159.864 1 370.648 0.99968 
82600 88 206.932 182.545 1 370.977 0.999091 
82700 117 198.889 176.051 1 372.051 1 
82800 124 194.323 164.782 1 372.629 1 
82900 99 229.101 203.293 1 371.687 1 
83000 115 202.67 179.061 1 373.817 1 
83100 116 195.233 164.448 1 374.853 1 
83200 113 205.088 180.726 1 374.071 1 
83300 132 188.53 157.894 1 375.652 1 
83400 114 194.649 167.263 1 376.193 1 
83500 116 191.431 161.336 1 376.112 1 
83600 137 180.153 144.088 1 377.934 1 
83700 106 207.189 182.906 1 377.472 1 
83800 110 193.973 165.864 1 378.673 1 
83900 133 192.263 159.857 1 379.075 1 
84000 117 202.752 179.342 1 379.368 1 
84100 114 189.246 155.254 1 380.86 1 
84200 148 198.723 172.061 1 380.608 1 
84300 92 201.826 177.076 1 382.12 1 
84400 124 187.806 154.976 1 382.306 1 
84500 131 189.595 157.496 1 382.817 1 
84600 98 196.878 172.316 1 383.571 1 
84700 128 180.695 144.75 1 384.391 1 
84800 145 183.221 149.159 1 385.083 1 
84900 92 190.88 161.391 1 385.902 1 
85000 136 176.765 141.346 1 386.11 1 
85100 139 190.914 157.619 1 387.331 1 
85200 93 196.989 174.28 1 386.301 1 
85300 142 176.775 140.049 1 388.648 1 
85400 123 184.382 148.065 1 389.268 0.995447 
85500 91 181.879 149.231 1 388.956 1 
85600 156 183.603 151.09 1 390.224 1 
85700 92 183.413 145.75 1 391.37 1 
85800 148 192.209 165.655 1 390.581 1 
85900 137 180.664 144.088 1 392.547 1 
86000 83 189.819 162 1 393.108 1 
86100 142 192.493 165.556 1 392.803 1 
86200 119 181.571 145.824 1 394.261 1 
86300 91 197.505 174 1 394.363 1 
86400 133 179.654 144.406 1 394.842 1 
86500 116 192.922 163.69 1 395.043 1 
86600 114 193.895 166.561 1 396.561 1 
86700 137 190.409 160.701 1 396.518 1 
86800 102 190.814 158.02 1 397.647 0.999608 
86900 130 188.8 161.438 1 397.892 1 
87000 108 191.065 159 1 399.083 1 
87100 135 184.807 151.57 1 399.578 1 
87200 134 186.172 156.067 1 400.336 1 
87300 106 192.792 163.17 1 400.377 1 
87400 126 185.286 153.444 1 401.913 1 
87500 122 192.836 162.877 1 401.918 1 
87600 123 199.065 171.537 1 402.821 1 
87700 111 195.91 162.532 1 403.459 1 
87800 109 193.642 166.073 1 403.899 1 
87900 137 194.993 162.628 1 404.905 0.997956 
88000 106 197.208 170.604 1 404.651 1 
88100 108 191.769 157.528 1 406.139 1 
88200 140 205.207 179.143 1 406.286 0.999714 
88300 98 199.51 173.755 1 406.429 1 
88400 111 202.351 175.973 1 407.189 1 
88500 117 195.564 168.171 1 408.496 1 
88600 107 203.056 178.879 1 407.916 1 
88700 99 212.96 196.899 1 409.747 1 
88800 135 196.57 167.119 1 409.444 1 
88900 112 196.455 169.545 1 410.366 0.999643 
89000 129 197.271 171.721 1 410.829 1 
89100 123 198.61 174.398 1 412.211 1 
89200 106 190.943 158.472 1 411.519 1 
89300 119 205.387 185.672 1 412.95 1 
89400 134 194.299 165.963 1 413.306 1 
89500 99 199.859 176.051 1 414.02 1 
89600 137 187.993 157.993 1 414.686 1 
89700 129 194.705 168.054 1 415.581 1 
89800 101 190.584 163.297 1 416.495 1 
89900 134 186.328 154.164 1 416.896 1 
90000 115 199.8 177.548 1 417.052 1 
90100 98 197.357 173.235 1 418.163 1 
90200 156 191.545 159.442 1 419.167 1 
90300 81 206.346 185.642 1 419.691 1 
90400 126 197.111 166.81 1 419.865 0.993968 
90500 131 188.794 153.595 1 421.504 1 
90600 94 197.617 168.309 1 420.947 1 
90700 127 189.528 159.669 1 422.472 1 
90800 133 194.617 168 1 423.511 1 
90900 82 200.817 167.22 1 423.28 0.981463 
91000 144 179.264 144.562 1 424.562 1 
91100 121 194.488 166.653 1 425.942 0.996694 
91200 90 197.144 168.744 1 424.489 0.992889 
91300 139 186.863 152.532 1 426.935 1 
91400 104 196.923 167.692 1 427.058 0.994615 
91500 120 211.083 186.883 1 426.583 1 
91600 124 176.54 136.435 1 428.895 1 
91700 112 209.875 190.438 1 428.42 0.996786 
91800 119 184.303 150.605 1 429.538 1 
91900 118 202.347 177.966 1 429.492 1 
92000 111 207.495 179.162 1 430.766 0.993514 
92100 130 180.031 142.438 1 431.754 1 
92200 119 190.908 161.983 1 431.672 1 
92300 140 190.621 160.193 1 432.514 1 
92400 114 191.649 157.842 1 433.57 1 
92500 137 176.883 138.255 1 434.438 1 
92600 135 189.311 159.333 1 434.252 1 
92700 96 188.906 156.562 1 434.823 1 
92800 133 188.865 157.06 1 436.143 1 
92900 118 186.475 154.669 1 436.424 1 
93000 113 202.938 179.575 1 436.912 1 
93100 147 182.252 146.245 1 438.224 1 
93200 69 201.638 176.754 1 437.928 1 
93300 175 184.297 151.257 1 439.531 1 
93400 112 184.161 147.438 1 440.179 1 
93500 95 189.726 158.905 1 439.821 1 
93600 166 194.054 164.042 1 441.03 1 
93700 78 200.885 172.359 1 441.718 1 
93800 135 186.215 153.23 1 441.948 1 
93900 140 193.564 157.2 1 443.057 0.994 
94000 86 195.686 168.988 1 443.291 1 
94100 146 176.288 138.438 1 444.349 1 
94200 112 189.473 159.893 1 445.402 1 
94300 102 178.725 141.951 1 445.961 1 
94400 165 203.012 181.624 1 445.721 1 
94500 76 187.158 156.342 1 447.974 1 
94600 158 190.405 162.665 1 447.5 1 
94700 107 192.636 162.71 1 448.364 1 
94800 112 185.696 153.616 1 448.732 1 
94900 150 190.607 161.633 1 449.56 1 
95000 77 210.597 188.532 1 449.727 1 
95100 151 197.715 173.96 1 450.371 1 
95200 127 183.157 150.528 1 451.622 1 
95300 94 208.67 185.649 1 450.989 1 
95400 139 187.18 158.676 1 452.403 1 
95500 112 196.812 171.607 1 452.938 1 
95600 112 197.571 170.375 1 452.688 1 
95700 132 207.667 185.652 1 453.985 1 
95800 115 187 156.235 1 454.496 1 
95900 124 183.573 152.927 1 455.065 1 
96000 111 199.712 176.559 1 455.64 1 
96100 138 185.138 152.355 1 456.696 1 
96200 127 185.11 152.945 1 457.055 0.997165 
96300 103 209.476 189.175 1 457.408 1 
96400 119 188.193 157.647 1 457.798 0.999328 
96500 135 190.556 161.119 1 459.304 1 
96600 104 213.048 169.808 1 459.144 0.993077 
96700 128 201.898 178.062 1 459.742 1 
96800 112 187.33 155.179 1 460.848 1 
96900 128 218.07 200.969 1 460.812 1 
97000 93 193.344 166.71 1 462.312 1 
97100 140 193.557 165.829 1 462.421 1 
97200 109 206.239 185.587 1 463.45 1 
97300 99 194.182 165.333 1 463.98 1 
97400 144 194.521 164.826 1 464.736 1 
97500 101 204.485 181.594 1 465.574 1 
97600 126 199.214 172.603 1 465.373 1 
97700 97 192.155 161.814 1 467.237 1 
97800 132 200.939 179.841 1 467.553 1 
97900 113 191.23 160.673 1 467.044 1 
98000 96 195.292 168.073 1 469.667 1 
98100 150 192.2 165.427 1 468.84 1 
98200 113 193.186 164.699 1 469.301 0.997522 
98300 114 208.035 187.061 1 470.702 1 
98400 130 188.754 160.262 1 471.254 1 
98500 118 195.28 167.636 1 471.229 1 
98600 112 201.857 174.286 1 472.134 1 
98700 130 188.208 158.577 1 472.9 0.994462 
98800 129 203.481 178.822 1 472.612 1 
98900 74 188.635 155.635 1 474.162 1 
99000 163 187.129 153.957 1 475.086 0.995337 
99100 128 209.734 181.672 1 474.375 1 
99200 87 191.989 163.253 1 476.218 1 
99300 132 186.068 153.371 1 476.455 1 
99400 132 189.924 161.742 1 476.621 1 
99500 104 197.712 169.048 1 477.673 1 
99600 130 193.438 166.231 1 478.015 1 
99700 122 192.672 164.852 1 478.287 1 
99800 100 195.41 165.39 1 479.06 1 
99900 134 179.657 144.955 1 479.896 1 
100000 135 190.859 160.881 1 480.652 1 
100100 85 193.294 167.282 1 480.047 1 
100200 155 189.058 160 1 481.445 1 
100300 115 189.652 160.052 1 483.104 0.999652 
100400 117 206.453 185.128 1 481.761 1 
100500 126 182.738 147.635 1 483.103 0.993651 
100600 112 197.232 173.518 1 485.009 1 
100700 129 184.729 152.884 1 484.744 0.997209 
100800 127 192.244 167.953 1 484.528 1 
100900 99 205.657 180.515 1 487.263 0.993535 
101000 146 181.281 150.137 1 487.918 1 
101100 119 198.882 174.723 1 487.05 0.998992 
101200 104 181.856 147.971 1 489.875 1 
101300 147 181.782 149.537 1 490.041 1 
101400 93 206.849 181.871 1 488.882 0.99828 
101500 136 186.463 154.574 1 490.669 0.997059 
101600 137 195.759 169.774 1 490.985 1 
101700 89 204.449 182.708 1 490.876 1 
101800 127 184.795 153.764 1 492.11 1 
101900 131 188.336 155.748 1 493.275 0.999389 
102000 113 208.504 186.027 1 492.841 1 
102100 123 186.854 155.976 1 494.081 1 
102200 134 186.5 156.343 1 495.649 1 
102300 112 200.25 173 1 494.58 1 
102400 138 181.522 148.92 1 497.152 1 
102500 98 195.806 165.52 1 496.245 0.993878 
102600 130 194.454 169.808 1 497.508 1 
102700 121 194.628 165.595 1 497.653 1 
102800 110 184.618 151.245 1 498.364 1 
102900 142 193.12 167.021 1 499.444 1 
103000 93 194.301 162.591 1 499.011 0.991828 
103100 141 187.404 155.887 1 500.972 1 
103200 124 188.831 161.347 1 500.653 1 
103300 102 201.931 179.196 1 501.275 1 
103400 123 180.577 149.016 1 502.927 1 
103500 120 187.375 157.033 1 502.483 1 
103600 118 187.534 158.619 1 502.924 1 
103700 134 184.545 153.597 1 504.328 1 
103800 113 191.69 161.062 1 505.088 1 
103900 136 184.625 152.081 1 504.89 1 
104000 110 195.718 171.782 1 505.773 1 
104100 116 181.629 148.181 1 507.026 1 
104200 129 186.481 159.318 1 507.713 1 
104300 117 196.402 170.65 1 507.504 1 
104400 144 185.694 154.674 1 508.806 1 
104500 121 200.43 178.19 1 510.025 1 
104600 101 185.881 156.327 1 509.386 1 
104700 127 187.449 157.354 1 510.717 1 
104800 124 184.016 152.056 1 511.919 0.994194 
104900 102 208.863 187.5 1 510.814 1 
105000 117 188.179 161.915 1 513.145 1 
105100 118 198.661 176.924 1 513.644 1 
105200 113 187.221 157.283 1 513.398 1 
105300 138 177.92 143.986 1 515.123 1 
105400 127 191.528 164.283 1 516.102 1 
105500 118 183.89 151.068 1 515.373 1 
105600 115 189.678 163.496 1 517.757 1 
105700 125 189.28 162.376 1 518.016 1 
105800 144 185.278 154.736 1 518.646 1 
105900 85 179.224 146.718 1 519.506 0.999529 
106000 146 183.267 145.644 1 519.418 1 
106100 143 188.671 157.007 1 521.35 0.998881 
106200 94 192.011 163.649 1 520.096 1 
106300 159 193.648 167.868 1 521.943 1 
106400 112 187.964 158.857 1 523.554 1 
106500 125 182.448 146.472 1 520.96 0.99968 
106600 141 176.163 142.482 1 524.801 1 
106700 114 199.816 176.719 1 524.781 1 
106800 105 185.257 156.99 1 524.695 1 
106900 143 185.028 154.895 1 525.902 0.995524 
107000 94 179.511 144.245 1 527.16 1 
107100 147 199.51 176.633 1 526.177 1 
107200 93 193.624 167.914 1 527.656 1 
107300 136 188.257 159.684 1 527.581 1 
107400 116 188.94 160.224 1 528.293 1 
107500 95 215.084 200.295 1 527.505 1 
107600 132 193.447 168.705 1 529.114 1 
107700 108 192.694 166.102 1 530.046 1 
107800 118 191.263 162.042 1 529.78 1 
107900 122 194.918 169.434 1 530.779 1 
108000 100 211.01 188.94 1 531.42 1 
108100 107 185.262 154.421 1 531.888 1 
108200 134 201.299 176.731 1 531.866 1 
108300 89 208.18 186.303 1 534.382 1 
108400 133 204.774 171.301 1 532.744 0.994286 
108500 96 193.958 169 1 535.885 1 
108600 136 197.581 172.691 1 534.279 1 
108700 130 189.731 159.362 1 536.154 1 
108800 87 202.172 183.31 1 536.713 1 
108900 153 185.203 154.477 1 536.706 1 
109000 110 190.155 162.927 1 538.927 1 
109100 114 192.868 167.711 1 537.921 1 
109200 116 182.578 151 1 540.362 1 
109300 122 207.098 189.795 1 540.508 1 
109400 124 191.565 164.468 1 540.073 1 
109500 124 183.387 154.016 1 541.887 1 
109600 125 190.568 166.648 1 543.576 1 
109700 114 179.605 147.439 1 542.596 1 
109800 124 191.718 167.161 1 544.008 1 
109900 135 187.622 160.726 1 545.881 1 
110000 131 187.794 159.412 1 545.74 1 
110100 105 187.133 157.59 1 545.781 1 
110200 142 181.5 150.775 1 548.535 1 
110300 128 175.836 139.039 1 550.039 1 
110400 112 190.223 161.982 1 548.795 1 
110500 148 167.568 125.73 1 551.385 1 
110600 136 176.324 142.86 1 553.088 1 
110700 98 184.357 148.469 1 550.296 1 
110800 148 175 139.149 1 554.304 0.99973 
110900 122 186.475 158.082 1 554.869 1 
111000 104 191.567 158.808 1 551.769 1 
111100 128 192.391 165.07 1 556.367 1 
111200 131 186.374 155.847 1 557.038 1 
111300 112 186.241 153.196 1 555.384 1 
111400 107 187.682 150.234 1 557.477 1 
111500 128 179.859 147.5 1 559.711 1 
111600 117 182.838 143.803 1 560 1 
111700 116 188.759 160.457 1 559.052 1 
111800 140 180.436 142.936 1 562.25 0.997143 
111900 112 182.929 149.045 1 562.643 1 
112000 125 184.192 150.848 1 560.624 1 
112100 127 186.63 149.134 1 563.22 1 
112200 113 182.973 147.434 1 564.469 1 
112300 121 196.397 166.281 1 562.149 0.997355 
112400 122 188.91 161.361 1 568.328 1 
112500 126 185.135 145.587 1 565.484 1 
112600 95 199.116 177.074 1 565.821 1 
112700 131 175.969 137.527 1 568.084 1 
112800 155 181.381 145.232 1 567.4 1 
112900 89 190.787 162.371 1 569.382 1 
113000 131 183.863 147.427 1 568.847 1 
113100 143 177.916 144.727 1 571.175 1 
113200 107 192.15 159.589 1 569.495 1 
113300 110 190.709 163.191 1 570 1 
113400 134 181.373 146.239 1 572.948 1 
113500 110 193.264 162.909 1 571.609 1 
113600 121 184.818 150.488 1 571.529 1 
113700 135 185.793 156.689 1 573.622 1 
113800 126 179.968 140.786 1 575.659 0.999683 
113900 107 189.654 159.841 1 572.458 1 
114000 145 185.117 154.641 1 576.931 1 
114100 159 180.289 143.931 1 577.566 0.999497 
114200 86 196.802 173.709 1 573.314 1 
114300 137 172.161 134.109 1 579.912 1 
114400 167 175.94 137.425 1 579.299 0.998802 
114500 103 187.233 156.767 1 577.689 1 
114600 120 167.525 128.242 1 580.842 1 
114700 160 179.106 141.825 1 581.831 0.998 
114800 97 178.99 144.845 1 579.948 1 
114900 116 181.526 149.052 1 582.414 1 
115000 155 180.452 145.374 1 583 0.998968 
115100 110 169.682 130.682 1 583.564 1 
115200 105 186.99 158.829 1 583.343 1 
115300 152 179.362 144.855 1 586.145 0.998684 
115400 106 170.104 132.736 1 585.972 1 
115500 120 189.575 161 1 584.325 1 
115600 154 185.877 155.448 1 588.604 0.999481 
115700 127 175.693 142.142 1 588.102 1 
115800 106 183.321 151.877 1 587.755 1 
115900 146 180.863 136.877 1 589.61 0.997808 
116000 127 184.661 154.449 1 590.724 1 
116100 109 185.642 155.835 1 590.018 1 
116200 143 180.175 145.986 1 592.084 1 
116300 123 180.894 149.764 1 593.407 1 
116400 113 178.381 142.504 1 592.646 1 
116500 139 184.525 154.065 1 592.806 1 
116600 132 173.826 136.985 1 595.795 1 
116700 118 183.271 150.381 1 594.941 1 
116800 112 187.536 155.884 1 595.83 1 
116900 135 177.444 141.719 1 597.778 1 
117000 135 184.511 147.259 1 597.607 0.999704 
117100 123 178.065 142.789 1 596.878 1 
117200 127 179.433 144.898 1 599.126 1 
117300 117 179.966 146.274 1 599.299 1 
117400 129 172.853 133.55 1 601.008 1 
117500 114 185.974 154.07 1 599.956 1 
117600 136 181.971 150.61 1 603.074 1 
117700 136 182.86 149.007 1 602.537 1 
117800 111 186.135 152.865 1 603.874 1 
117900 141 177.319 141.993 1 602.929 1 
118000 126 178.81 143.944 1 605.563 1 
118100 110 176.973 138.364 1 604.6 1 
118200 160 178.569 143.225 1 606.038 1 
118300 118 182.619 148.932 1 606.958 1 
118400 113 187.531 154.796 1 605.655 1 
118500 160 177.825 140.8 1 607.862 1 
118600 100 177.32 144.39 1 611.71 1 
118700 140 189.021 155.779 1 606.886 1 
118800 118 170.924 130.356 1 613.331 1 
118900 127 182.362 150.465 1 609.575 1 
119000 140 178.271 139.007 1 611.857 0.999429 
119100 126 182.508 148.698 1 613.778 0.999048 
119200 137 183.92 150.533 1 611.883 1 
119300 130 173.823 133.8 1 614.946 1 
119400 114 173.623 132.386 1 615.737 0.999649 
119500 145 173.2 135.255 1 614.807 0.998621 
119600 129 179.225 142.295 1 617.845 0.99814 
119700 124 184.419 151.113 1 617.081 1 
119800 137 178.204 140.35 1 617.81 0.999708 
119900 126 181.635 142.921 1 620.714 1 
120000 118 185.644 152.703 1 619.653 1 
120100 125 174.696 134.496 1 621.688 1 
120200 128 180.961 144.414 1 623.18 1 
120300 113 179.69 139.425 1 622.54 1 
120400 128 185.125 152.188 1 624.531 1 
120500 119 186.597 153.176 1 625.319 1 
120600 145 192.448 156.641 1 625.49 1 
120700 123 174.057 134.024 1 624.626 1 
120800 134 178.813 142.858 1 627.925 1 
120900 125 181.232 148.296 1 627.04 1 
121000 135 174.881 134.141 1 627.326 1 
121100 133 179.03 143.466 1 630.256 1 
121200 137 173.985 136.737 1 628.19 1 
121300 106 196.104 168.198 1 630.443 1 
121400 153 177.536 142.314 1 630.745 1 
121500 125 173 135.192 1 630.776 1 
121600 102 185.931 154.392 1 632.118 1 
121700 136 182.015 147.706 1 632.449 0.999706 
121800 136 170.397 131.169 1 633.978 1 
121900 119 198.739 173.588 1 632.361 1 
122000 123 172.715 134.366 1 635.114 1 
122100 144 176.562 142.104 1 636.076 0.999722 
122200 112 171.848 133.768 1 636.062 1 
122300 131 182.038 143.794 1 636.168 0.992977 
122400 125 176.048 140.168 1 637.904 1 
122500 139 171.763 136.892 1 638.518 1 
122600 103 185.408 148.01 1 637.456 1 
122700 145 177.214 143.379 1 639.138 1 
122800 137 175.124 135.65 1 641.036 0.99708 
122900 99 186.808 155.697 1 638.97 1 
123000 149 181.926 150.074 1 641.758 1 
123100 153 175.915 136.85 1 643.203 0.992418 
123200 106 172.67 133.292 1 642.226 1 
123300 142 174.014 134.275 1 644.866 0.999437 
123400 144 176.431 140.674 1 644.757 1 
123500 123 169.358 131.61 1 646.415 1 
123600 135 186.926 150.104 1 645.03 0.993481 
123700 131 170.962 131.542 1 648.153 1 
123800 136 175.787 143.265 1 648.015 1 
123900 103 177.398 139.553 1 647.447 1 
124000 147 186.075 151.578 1 649.34 0.994286 
124100 123 174.439 137.463 1 650.927 1 
124200 104 188.615 157.798 1 648.404 1 
124300 137 179.394 145.745 1 652.445 1 
124400 147 177.551 143.762 1 651.959 1 
124500 120 191.65 160.5 1 652.3 1 
124600 116 181.655 149.612 1 653.871 1 
124700 150 168.32 131.18 1 654.707 1 
124800 117 188.991 160.248 1 655.427 1 
124900 114 181.377 148.526 1 655.596 1 
125000 149 174.946 137.805 1 656.617 1 
125100 127 181.236 149.472 1 658.165 1 
125200 109 179.826 148.596 1 657.532 1 
125300 139 171.223 132.417 1 658.245 1 
125400 139 181.18 152.216 1 660.388 1 
125500 89 189.146 160.685 1 657.91 1 
125600 150 179.06 149.113 1 661.66 1 
125700 139 175.64 140.273 1 661.216 1 
125800 116 188.603 161.388 1 661.526 1 
125900 119 172.008 135.664 1 663.134 1 
126000 143 177.853 146.825 1 663.727 1 
126100 130 193.177 166.638 1 662.469 1 
126200 101 180.861 150.713 1 665.515 1 
126300 141 170.582 133.39 1 665.376 1 
126400 122 173.762 135.205 1 666 1 
126500 109 192.495 168.78 1 666.413 1 
126600 131 177.107 142.901 1 667.603 1 
126700 127 179.811 145.795 1 668.315 1 
126800 103 192.777 163.592 1 668.583 1 
126900 139 171.158 132.986 1 669.619 1 
127000 141 174.752 137.553 1 670.149 1 
127100 105 189.057 159.105 1 671.048 0.993143 
127200 122 177.852 141.943 1 670.975 1 
127300 144 179.361 140.09 1 671.562 1 
127400 110 197.673 172.509 1 672.045 1 
127500 124 176.024 138.306 1 672.815 1 
127600 156 180.244 144.032 1 673.538 1 
127700 97 192.134 163.753 1 674.443 1 
127800 135 178.83 144.096 1 674.496 1 
127900 129 178.178 141 1 675.271 1 
128000 120 196.383 166.683 1 676.342 0.992333 
128100 118 194.508 168.534 1 675.432 1 
128200 128 170.82 135.602 1 678.305 0.999688 
128300 118 180.458 147.178 1 678.008 1 
128400 109 192.853 167.312 1 678.908 1 
128500 133 177.038 142.008 1 680.398 0.994887 
128600 116 180.086 144.888 1 680.147 1 
128700 112 179.348 147.027 1 681.491 1 
128800 129 173.109 132.31 1 682.233 1 
128900 137 184.226 147.241 1 682.73 1 
129000 116 185.457 153.75 1 682.871 1 
129100 130 182.554 150.508 1 683.738 1 
129200 148 175.872 141.649 1 684.885 1 
129300 85 188.812 158.2 1 684.529 1 
129400 156 182.385 148.833 1 685.404 1 
129500 125 186.2 157.112 1 687.224 1 
129600 117 203.641 181.556 1 685.915 1 
129700 123 181.537 149.919 1 688.228 1 
129800 122 176.238 140.082 1 688.459 1 
129900 126 194.333 165.119 1 689.286 0.995556 
130000 105 181.686 146.41 1 690.486 1 
130100 137 177.832 140.781 1 690.715 0.993285 
130200 124 201.661 177.121 1 691.573 1 
130300 117 179.598 143.581 1 691.872 1 
130400 131 178.321 145.473 1 692.496 1 
130500 117 195.034 167.726 1 693.726 0.995556 
130600 122 175.861 142.574 1 694.238 1 
130700 125 179.208 144.776 1 695.624 1 
130800 141 188.418 160.915 1 695.596 1 
130900 112 179.545 145.777 1 695.786 1 
131000 122 180.131 147.574 1 697.287 1 
131100 145 181.979 149.924 1 698.131 1 
131200 115 183.965 151.478 1 698 1 
131300 132 171.076 134.682 1 699.348 1 
131400 142 173.993 140.88 1 700.937 1 
131500 122 186.951 157.467 1 700.434 1 
131600 128 167.602 130.797 1 702.461 1 
131700 132 180.008 149.432 1 702.939 1 
131800 124 183.129 153.339 1 703.218 1 
131900 135 176.83 144.652 1 704.148 1 
132000 119 176.613 144.076 1 704.504 1 
132100 142 174.958 140.246 1 705.768 1 
132200 115 186.278 155.748 1 705.287 1 
132300 126 179.857 149.095 1 706.706 1 
132400 145 186.572 158.593 1 707.497 1 
132500 109 174.037 137.303 1 707.321 1 
132600 111 189.802 164.739 1 707.991 1 
132700 139 174.647 139.842 1 710.065 1 
132800 121 177.876 144.727 1 709.438 1 
132900 106 194.094 168.038 1 710.104 1 
133000 145 181.345 150.297 1 711.566 1 
133100 135 176.659 143.563 1 711.644 1 
133200 88 187 156.989 1 713.102 1 
133300 150 182.8 153.307 1 712.98 1 
133400 126 178.317 144.484 1 714.484 1 
133500 125 187.504 161.464 1 714.792 1 
133600 132 178.159 145.788 1 716.091 1 
133700 153 178.386 144.974 1 716.431 1 
133800 116 184.009 153.224 1 716.974 1 
133900 136 173.228 134.721 1 717.463 1 
134000 148 174.466 140.236 1 719.014 1 
134100 109 182.716 148.954 1 718.431 1 
134200 116 182.983 152.103 1 719.664 1 
134300 142 192.958 156.19 1 720.93 0.99493 
134400 121 183.529 148.769 1 719.868 1 
134500 101 186.109 158.644 1 722.802 1 
134600 159 178.805 143.855 1 722.157 1 
134700 109 180.844 148.495 1 724 1 
134800 123 171.894 134.512 1 723.472 1 
134900 146 184.219 153.548 1 725.171 1 
135000 129 184.628 153.589 1 725.426 1 
135100 120 168.567 129.592 1 726.308 1 
135200 136 171.426 135.147 1 726.625 1 
135300 120 172.808 135.925 1 728.158 1 
135400 131 179.542 147.473 1 727.305 1 
135500 117 181.291 151 1 729.658 1 
135600 136 187.934 156.868 1 728.632 1 
135700 136 179.353 148.294 1 730.596 1 
135800 121 187.025 156.893 1 730.603 0.999339 
135900 140 183.721 152.771 1 731.571 1 
136000 123 179.472 148.911 1 731.976 1 
136100 128 185.25 152.914 1 732.531 1 
136200 135 183.2 152.104 1 733.459 1 
136300 123 183.821 149.268 1 733.626 1 
136400 133 176.338 142.083 1 735.248 1 
136500 128 182.727 148.898 1 735.406 1 
136600 122 182.254 149.639 1 736.885 1 
136700 111 187.847 159.586 1 736.514 1 
136800 126 188.698 158.095 1 737.746 1 
136900 129 193.217 167.434 1 737.93 1 
137000 112 185.598 153.482 1 739.446 1 
137100 115 190.809 160.33 1 739.322 0.994435 
137200 131 180.893 146.16 1 740.534 1 
137300 115 192.435 165.226 1 740.896 1 
137400 124 190.25 157.968 1 742.073 1 
137500 125 194.04 164.584 1 742.696 1 
137600 120 178.858 142.333 1 743.967 1 
137700 115 183.548 148.93 1 744.157 1 
137800 132 175.242 135.621 1 745.636 1 
137900 108 193.222 160.463 1 745.565 1 
138000 133 187.985 155.398 1 746.511 1 
138100 122 183.738 145.484 1 747.123 1 
138200 117 191.496 156.145 1 747.829 1 
138300 131 183.542 144.847 1 748.237 1 
138400 104 177.471 138.067 1 749.279 1 
138500 140 184.443 145.429 1 749.986 1 
138600 124 186.177 149.798 1 749.992 1 
138700 119 184.916 145.613 1 751.244 1 
138800 129 185.589 146.388 1 751.55 1 
138900 111 178.676 134.189 1 752.324 0.998559 
139000 125 183.472 141.96 1 753.048 1 
139100 123 183.065 142.634 1 753.585 1 
139200 116 189.164 148.767 1 753.698 0.993793 
139300 138 178.812 141.225 1 755.275 0.997101 
139400 120 177.067 127.642 1 755.933 0.993667 
139500 128 174.898 131.008 1 756.195 1 
139600 144 188.319 147.528 1 757.181 0.996944 
139700 119 170.143 125.975 1 757.706 1 
139800 140 183.6 142.771 1 758.15 1 
139900 111 181.892 140.847 1 759.081 1 
140000 134 179.343 129.216 1 760.224 0.989254 
140100 137 182.394 142.401 1 760.095 1 
140200 108 184.12 148.074 1 761.167 1 
140300 145 180.938 140.248 1 761.552 0.996138 
140400 133 182.737 143.617 1 762.827 1 
140500 114 173.614 132.851 1 763.439 1 
140600 133 178.895 141.481 1 763.925 1 
140700 125 172.4 130.24 1 765.12 1 
140800 121 176.198 136.388 1 764.752 1 
140900 145 178.621 137.324 1 766.538 0.998069 
141000 120 170.083 128.675 1 766.867 1 
141100 127 178.535 138.874 1 767.378 1 
141200 131 185.58 150.046 1 768.542 1 
141300 134 175.157 137.179 1 769.672 1 
141400 121 185.678 147.818 1 769.149 1 
141500 117 174.829 133.248 1 770.855 1 
141600 141 171.816 129.66 1 771.681 1 
141700 142 181.458 142.606 1 771.838 1 
141800 105 183.152 145.59 1 773.248 1 
141900 145 175.069 129.662 1 773.503 1 
142000 144 166.826 120.674 1 774.986 1 
142100 115 189.496 151.974 1 774.722 1 
142200 132 169.386 117.265 1 775.811 1 
142300 139 171.122 127.576 1 777.029 1 
142400 112 187.545 153.804 1 776.902 1 
142500 140 180.207 132.921 1 778.386 1 
142600 151 171.735 124.013 1 778.987 1 
142700 129 179.333 137.163 1 779.721 1 
142800 113 185.159 144.239 1 779.894 1 
142900 139 170.64 122.82 1 781.108 1 
143000 145 180.448 136.897 1 781.545 1 
143100 91 193.407 154.516 1 782.033 1 
143200 167 171.844 127.886 1 782.749 1 
143300 128 177.047 131.836 1 784.039 1 
143400 111 190.766 148.261 1 784.153 1 
143500 131 178.656 137.252 1 784.168 1 
143600 132 177.402 131.515 1 785.614 1 
143700 113 193.903 158.814 1 785.761 1 
143800 133 179.872 134.203 1 786.308 1 
143900 137 180.949 138.672 1 787.161 1 
144000 124 177.524 134.573 1 788.008 1 
144100 138 166.696 119.08 1 788.993 1 
144200 150 182.36 143.42 1 788.98 1 
144300 100 175.98 134.39 1 790.28 1 
144400 136 173.978 127.801 1 790.706 1 
144500 143 179.664 139 1 791.545 1 
144600 102 188.275 153.176 1 792.147 1 
144700 121 189.298 147.769 1 792.744 1 
144800 145 178.159 135.683 1 793.807 1 
144900 130 186.985 149.115 1 794.254 1 
145000 98 199.031 169.102 1 794.571 1 
145100 151 173.245 124.887 1 796.02 1 
145200 123 188.585 150.984 1 797 1 
145300 102 190.039 150.059 1 796.235 1 
145400 142 182.535 139.923 1 797.845 1 
145500 122 182.721 139.762 1 798.418 1 
145600 122 190.041 151.803 1 799.148 1 
145700 119 182.58 136.899 1 798.723 1 
145800 119 181.538 137.655 1 800.924 1 
145900 116 197.44 164.052 1 800.466 1 
146000 125 184.552 136.128 1 801.856 1 
146100 115 181.391 139.087 1 801.957 1 
146200 133 188.083 148.94 1 803.489 1 
146300 117 185.547 141.162 1 803.803 1 
146400 129 173.512 121.628 1 805.078 1 
146500 131 181.542 139.573 1 805.221 1 
146600 128 186.336 147.883 1 806.227 1 
146700 113 173.779 120.239 1 806.681 0.996814 
146800 117 193.632 153.538 1 807.128 1 
146900 137 177.613 132 1 808.139 1 
147000 127 186.252 137.394 1 808.504 1 
147100 110 176.6 133.727 1 809.245 1 
147200 153 176.209 127.693 1 810.333 1 
147300 115 172.035 117.33 1 811.165 1 
147400 127 182.717 142.031 1 811.638 1 
147500 118 177.305 124.636 1 812.347 1 
147600 120 186.475 144.225 1 813.067 1 
147700 136 173.11 125.816 1 813.956 1 
147800 131 173.565 123.511 1 814.527 1 
147900 126 183.698 137.111 1 815.659 1 
148000 123 174.813 126.496 1 816.179 1 
148100 126 169.889 122.206 1 817.111 1 
148200 140 180.45 136.436 1 817.414 1 
148300 121 173.165 125.421 1 818.488 1 
148400 121 171.397 122.942 1 819.479 1 
148500 146 165.479 113.849 1 819.822 1 
148600 131 185.695 143.542 1 820.076 1 
148700 112 175.402 127.455 1 821.464 1 
148800 152 165.816 113.421 1 822.316 1 
148900 158 168.399 119.234 1 823.076 1 
149000 103 177.767 127.786 1 823.66 1 
149100 151 166.669 117.04 1 824.722 1 
149200 164 162.28 109.244 1 825.372 1 
149300 96 166.76 109.458 1 826.833 1 
149400 143 171.147 124.378 1 825.853 1 
149500 157 163.268 107.975 1 827.42 1 
149600 122 169.926 113.156 1 828.5 1 
149700 145 169.883 117.814 1 828.793 0.993655 
149800 150 165.3 105.507 1 829.253 1 
149900 127 169.142 114.843 1 830.496 1 
150000 138 171.572 118.471 1 831.101 1 
150100 131 169.046 112.504 1 831.794 1 
150200 127 178.764 124.559 1 831.709 1 
150300 150 176.5 125.693 1 833.64 1 
150400 113 181.15 127.478 1 834.761 1 
150500 126 176.881 120.873 1 833.722 0.997778 
150600 142 168.43 114.627 1 835.796 1 
150700 121 178.818 122.339 1 836.752 1 
150800 142 179.585 133.331 1 836.07 1 
150900 131 170.702 119.122 1 836.962 1 
151000 127 172.102 115.378 1 838.693 1 
151100 154 170.11 119.091 1 838.76 1 
151200 129 176.411 130.713 1 838.907 1 
151300 105 175.971 128.657 1 840.552 1 
151400 135 162.407 106.83 1 841.356 1 
151500 154 181.273 138.799 1 841.643 1 
151600 91 181.626 135.626 1 842.022 1 
151700 146 177.199 132.904 1 842.856 1 
151800 126 168.397 116.976 1 844.889 1 
151900 143 165.343 115.392 1 844.79 1 
152000 134 171.149 123.007 1 844.619 1 
152100 119 176.672 126.193 1 847.529 0.994958 
152200 159 166.73 117.094 1 847.075 1 
152300 145 168.621 119.669 1 847.531 1 
152400 101 171.416 119.832 1 849.743 1 
152500 148 164.601 113.108 1 849.128 1 
152600 149 164.913 114.067 1 851.087 1 
152700 131 172.13 119.427 1 851.985 1 
152800 102 175.676 131.951 1 851.206 1 
152900 166 164.681 111.054 1 853.241 1 
153000 127 162.26 109.457 1 853.811 1 
153100 112 169.857 116.036 1 853.857 1 
153200 144 163.91 112.486 1 854.583 1 
153300 138 160.486 104.877 1 855.913 1 
153400 146 170.301 121.048 1 855.568 0.999178 
153500 124 165.5 112.363 1 857.113 0.998065 
153600 155 165.768 112.406 1 857.49 1 
153700 152 163.395 113.204 1 858.257 1 
153800 124 180.403 128.556 1 859.032 1 
153900 139 157.727 103.446 1 860.23 1 
154000 179 170.525 115.905 1 860.486 0.999777 
154100 124 164.21 104.976 1 862.274 1 
154200 124 168.54 116.073 1 861.621 1 
154300 181 165.878 109.276 1 863.343 0.999558 
154400 121 167.438 112.562 1 864.281 1 
154500 117 173.923 119.632 1 864.444 0.999316 
154600 143 173.979 123.49 1 864.993 0.99972 
154700 152 166.105 111.007 1 866.579 1 
154800 126 170.595 120.389 1 867.071 1 
154900 121 179.868 124.893 1 866.579 0.998347 
155000 150 169.44 118.12 1 869.027 0.999733 
155100 152 160.158 100.375 1 869.75 1 
155200 145 170.359 116.71 1 871.069 1 
155300 107 190.869 151.168 1 870.318 1 
155400 161 156.621 100.068 1 872.652 1 
155500 134 163.478 105.463 1 873.604 1 
155600 133 177.429 124.015 1 873.459 0.998797 
155700 125 168.184 116.184 1 874.016 0.99456 
155800 155 161.813 104.8 1 876.181 1 
155900 118 166.017 114.763 1 876.102 1 
156000 120 180.958 133.625 1 875.567 1 
156100 146 164.096 109.055 1 877.781 0.99589 
156200 142 171.81 119.662 1 879.197 1 
156300 150 167.26 116.267 1 878.727 1 
156400 103 177.33 127.262 1 879.864 0.991845 
156500 157 166.452 114.662 1 881.433 1 
156600 136 167.404 111.471 1 881.794 0.997353 
156700 146 172.342 121.342 1 882.219 1 
156800 112 174.598 126.527 1 882.946 1 
156900 169 162.172 109.284 1 884.089 1 
157000 128 165.93 110.547 1 884.773 1 
157100 127 174.661 126.213 1 884.339 1 
157200 139 165.432 111.892 1 886.77 1 
157300 158 162.734 107.747 1 886.994 1 
157400 145 166.966 114.331 1 887.228 1 
157500 102 173.892 125.225 1 887.814 1 
157600 154 167.961 115.506 1 888.656 1 
157700 154 163.76 109.442 1 889.87 1 
157800 117 172.376 124.615 1 890.556 1 
157900 133 176.692 127.143 1 890.932 1 
158000 153 164.536 111.196 1 892.078 1 
158100 139 166.453 112.511 1 892.978 1 
158200 105 180.181 132.943 1 892.457 1 
158300 149 162.289 107.651 1 894.537 1 
158400 165 167.945 116.382 1 894.927 1 
158500 146 164.062 109.432 1 895.877 1 
158600 109 175.11 126.596 1 896.394 1 
158700 146 161.233 106.37 1 897.479 1 
158800 142 162.641 106.775 1 898.824 1 
158900 121 168.992 116.041 1 898.727 1 
159000 112 182.402 137.545 1 899.232 1 
159100 158 164.981 110.968 1 900.741 1 
159200 145 156.497 97.8621 1 901.497 1 
159300 116 187.69 140.284 1 901.164 1 
159400 152 161.717 104.809 1 903.033 0.994474 
159500 146 156.075 97.7192 1 903.925 1 
159600 152 173.296 120.026 1 904.224 1 
159700 96 175.177 127.719 1 904.938 1 
159800 161 161.298 103.317 1 905.913 1 
159900 140 164.307 111.957 1 906.979 1 
160000 140 169.079 114.464 1 907.207 1 
160100 115 171.183 119.113 1 907.47 1 
160200 145 162.993 107.586 1 908.855 1 
160300 154 175.844 126.656 1 909.169 1 
160400 126 164.937 106.706 1 910.159 0.999683 
160500 149 172.913 122.396 1 910.725 1 
160600 142 158.289 101.817 1 911.634 1 
160700 152 163.704 109.066 1 911.862 1 
160800 128 165.75 108.914 1 913.195 1 
160900 158 171.608 121.044 1 913.373 0.996962 
161000 138 162.565 108.355 1 914.406 1 
161100 138 164.638 110.13 1 915.254 1 
161200 135 166.319 112.274 1 916.096 1 
161300 145 169.51 116.324 1 916.131 0.999724 
161400 144 171.972 118.812 1 917.438 1 
161500 127 169.953 117.827 1 917.709 1 
161600 156 168.737 113.949 1 918.385 1 
161700 133 168.857 115.865 1 919.459 1 
161800 132 174.621 122.667 1 919.205 1 
161900 131 170.641 120.13 1 920.504 1 
162000 147 168.612 114.408 1 920.864 1 
162100 140 180.679 135.071 1 921.729 1 
162200 119 180.008 132.597 1 922.706 1 
162300 155 169.71 117.4 1 923.187 1 
162400 120 160.333 106.092 1 924.658 1 
162500 137 178.109 129.394 1 924.285 1 
162600 117 171.265 122.009 1 925.538 1 
162700 152 168.243 116.204 1 925.928 1 
162800 140 175.621 128.121 1 927.5 1 
162900 111 177.892 126.829 1 927.198 1 
163000 127 165.055 113.039 1 928.575 1 
163100 161 165.366 110.019 1 929.348 1 
163200 120 176.108 124.833 1 929.95 1 
163300 134 172.254 121.448 1 930.313 0.999701 
163400 122 171.639 119.574 1 931.557 1 
163500 136 164.868 111.074 1 932.5 1 
163600 144 181.729 132.451 1 932.639 0.999722 
163700 114 161.833 107.991 1 933.904 0.994035 
163800 158 168.399 115.399 1 934.196 1 
163900 119 167.933 115.387 1 935.067 1 
164000 126 170.095 117.357 1 935.754 1 
164100 139 168.223 116.511 1 936.691 1 
164200 139 171.331 120.784 1 937.18 1 
164300 122 177.91 126.893 1 937.934 1 
164400 141 178.709 130.319 1 938.333 1 
164500 132 170.78 117.402 1 939.424 0.999697 
164600 115 172.922 123.948 1 939.974 1 
164700 140 175.586 128.086 1 940.671 1 
164800 123 179.577 131.106 1 941.114 0.999675 
164900 128 166.305 117.07 1 942.141 1 
165000 124 173.427 121.637 1 942.653 0.99871 
165100 146 169.897 118.644 1 943.596 0.996164 
165200 116 175.509 126.474 1 944.078 0.999655 
165300 131 172.237 122.565 1 944.374 1 
165400 137 170.65 120.124 1 945.679 1 
165500 138 172.659 121.79 1 945.964 1 
165600 104 175.913 127.683 1 946.99 1 
165700 141 178.248 127.936 1 947.234 1 
165800 142 178.542 129.514 1 948.493 1 
165900 129 173.194 119.411 1 948.783 0.99907 
166000 127 177.787 126.134 1 949.228 1 
166100 129 182.016 136.248 1 950.612 0.99938 
166200 145 178.793 128.207 1 950.841 0.995862 
166300 121 182.157 139.364 1 951.281 1 
166400 118 185.458 135.085 1 952.229 0.992881 
166500 160 170.794 119.569 1 953.175 1 
166600 120 180.358 132.725 1 953.433 1 
166700 138 172.304 117.746 1 954.449 1 
166800 119 175.319 125.538 1 955.471 0.999328 
166900 167 168.856 108.832 1 956.228 0.99521 
167000 118 176.322 129.551 1 955.856 0.999661 
167100 122 174.189 122.172 1 957.836 1 
167200 153 172.176 118.647 1 958.301 0.993987 
167300 150 166.707 112.887 1 959.647 1 
167400 102 173.627 117.735 1 959.069 1 
167500 133 172.173 123.985 1 960.805 1 
167600 151 165.225 113.093 1 961.636 0.999735 
167700 125 173.184 120.496 1 961.832 1 
167800 112 175.482 127.393 1 962.804 1 
167900 166 173.831 121.916 1 963.301 1 
168000 139 167.957 115.46 1 964.194 1 
168100 136 169.787 114.75 1 965.184 1 
168200 111 175.784 125.117 1 965.847 1 
168300 149 159.691 106.597 1 967.215 1 
168400 127 175.74 126.567 1 966.898 1 
168500 113 178.389 132.416 1 968.372 1 
168600 155 156.129 99.4774 1 969.316 1 
168700 119 173.613 127.168 1 970 1 
168800 141 166.17 114.298 1 970.553 1 
168900 112 172.964 126.009 1 971.33 1 
169000 152 165.572 112.5 1 972.145 1 
169100 137 168.577 118.146 1 973.051 1 
169200 114 176.561 132.728 1 973.053 1 
169300 159 162.881 112.667 1 974.597 1 
169400 118 170.644 118.517 1 974.788 1 
169500 164 169.354 119.823 1 975.878 1 
169600 116 176.319 134.638 1 976.629 1 
169700 151 162.331 108.424 1 977.669 1 
169800 123 172.911 125.78 1 978.276 1 
169900 129 170.062 121.682 1 978.527 1 
170000 136 165.816 117.074 1 979.529 1 
170100 160 168.569 120.344 1 980.062 1 
170200 143 162.538 112.517 1 981.734 1 
170300 131 170.687 122.481 1 981.42 1 
170400 128 165.312 115.203 1 982.625 1 
170500 152 166.507 118.98 1 983.757 1 
170600 128 160.352 105.43 1 984.586 1 
170700 151 169.768 122.629 1 985.265 1 
170800 113 181.142 135.761 1 984.752 0.999646 
170900 152 160.921 109.25 1 987.125 1 
171000 152 163.638 110.888 1 987.52 0.995 
171100 136 169.176 119.154 1 988.493 1 
171200 142 160.5 108.662 1 988.655 0.999437 
171300 109 174.303 124.404 1 989.44 1 
171400 157 166.911 118.153 1 990.051 1 
171500 129 175.504 128.047 1 990.922 0.99969 
171600 140 161.743 110.036 1 991.557 0.999714 
171700 134 166 112.343 1 992.463 1 
171800 129 167.194 116.535 1 993.411 0.996899 
171900 143 171.923 122.238 1 993.818 1 
172000 128 156.109 99.4375 1 995.164 0.999062 
172100 149 173.899 122.248 1 995.705 0.994899 
172200 121 166.124 109.983 1 996.818 0.993719 
172300 138 160.181 105.072 1 996.428 0.998551 
172400 141 170.546 119.014 1 997.936 0.998865 
172500 135 167.667 116.941 1 998.704 1 
172600 149 162.195 106.47 1 998.946 0.996242 
172700 122 171.033 121.262 1 999.541 0.997705 
172800 135 161.319 101.778 1 1000.51 0.997333 
172900 132 172.28 120.674 1 1001.64 0.998182 
173000 152 163.829 109.02 1 1001.34 0.993684 
173100 148 164.453 109.682 1 1003.93 0.998919 
173200 99 189.505 141.01 1 1001.96 0.991919 
173300 139 162.302 109.324 1 1005.35 0.997986 
173400 167 161.94 107.707 1 1005.65 0.999521 
173500 140 157.3 102.914 1 1007.28 0.999429 
173600 128 171.242 122.453 1 1006.84 0.999062 
173700 127 162.677 109.551 1 1007.5 1 
173800 142 162.169 108.43 1 1009.26 0.999718 
173900 152 181.434 138.059 1 1009.45 0.996053 
174000 153 165.039 107.974 1 1010.38 0.989804 
174100 110 175.345 130.082 1 1009.34 1 
174200 141 162.071 109.177 1 1012.11 1 
174300 123 166.016 118.049 1 1012.95 1 
174400 143 160.657 109.161 1 1013.13 1 
174500 147 181.388 139.095 1 1013.57 1 
174600 116 169.81 121.81 1 1013.52 1 
174700 139 159.489 108.396 1 1015.63 1 
174800 134 161.634 112.187 1 1016.78 1 
174900 149 161 108.362 1 1017.42 0.999463 
175000 139 164.698 116.403 1 1018.33 1 
175100 126 165.357 112.317 1 1017.82 1 
175200 141 153.411 97.4965 1 1020.04 1 
175300 155 156.826 103.387 1 1020.83 1 
175400 160 158.938 106.319 1 1021.83 1 
175500 120 173.333 126.717 1 1021.48 1 
175600 140 154.679 97.4 1 1022.14 1 
175700 146 152.596 96.7055 1 1023.94 1 
175800 173 153.075 97.526 1 1024.63 1 
175900 124 163.129 108.992 1 1026.56 0.998387 
176000 141 162.539 110.511 1 1024.87 1 
176100 138 167.63 117.13 1 1027.07 0.99971 
176200 143 160.427 106.783 1 1028.1 1 
176300 136 159.699 106.441 1 1028.67 1 
176400 169 160.396 108.077 1 1029.81 1 
176500 134 164.216 111.321 1 1029.38 1 
176600 128 157.305 102.586 1 1031.39 1 
176700 141 157.092 104.355 1 1032.78 1 
176800 165 170.206 121.624 1 1032.6 0.998303 
176900 124 157.153 103.556 1 1033.98 1 
177000 131 170.244 122.168 1 1033.24 0.999695 
177100 139 158.331 106.216 1 1035.22 1 
177200 169 160.751 107.089 1 1036.04 0.995503 
177300 118 163.576 113.5 1 1037.13 1 
177400 157 166.885 120.433 1 1036.45 1 
177500 123 167.285 113.561 1 1037.5 1 
177600 134 158.5 105.052 1 1039.63 1 
177700 148 166.649 118 1 1039.44 1 
177800 147 164.864 112.469 1 1040.31 1 
177900 141 166.142 114.106 1 1039.99 1 
178000 112 168.58 120.455 1 1041.94 1 
178100 171 162.316 112.696 1 1042.85 1 
178200 146 157.651 102.829 1 1044.32 1 
178300 134 162.321 113.515 1 1045.65 1 
178400 143 168.972 122.091 1 1044.83 1 
178500 110 162.009 110.836 1 1045.7 1 
178600 163 164.613 115.988 1 1047.18 1 
178700 130 166.2 120.577 1 1048.3 1 
178800 162 169.247 123.253 1 1048.7 1 
178900 128 161.148 112.195 1 1049.65 1 
179000 124 165.379 119.613 1 1048.92 1 
179100 150 169.207 124.48 1 1051.34 1 
179200 147 158.517 108.361 1 1052.26 1 
179300 154 158.877 107.708 1 1052.92 0.99974 
179400 131 179.107 136.328 1 1052.98 1 
179500 138 159.92 109.413 1 1054.04 0.997971 
179600 137 157.511 107.766 1 1056.99 0.999708 
179700 170 156.141 106.312 1 1057.05 0.999765 
179800 147 148.741 95.7959 1 1058.06 1 
179900 128 172.203 128.211 1 1057 1 
180000 132 157.371 107.833 1 1060.42 1 
180100 159 160.509 112.61 1 1060.55 1 
180200 156 160.474 109.788 1 1060.6 0.997436 
180300 134 156.097 106.881 1 1063.21 1 
180400 122 166.615 122.861 1 1062.82 1 
180500 125 161.328 113.36 1 1063.29 1 
180600 168 153.952 102.875 1 1064.88 1 
180700 151 159.245 111.338 1 1065.85 1 
180800 133 161.94 115.406 1 1066.84 1 
180900 136 157.331 107.765 1 1067.14 1 
181000 149 161.47 115.315 1 1067.6 1 
181100 159 155.459 106.264 1 1069.03 1 
181200 139 151.194 100.216 1 1070.11 1 
181300 141 165.61 117.05 1 1071.28 0.989787 
181400 158 153.177 102.709 1 1071.23 1 
181500 155 153.052 102.697 1 1071.45 1 
181600 143 147.343 95.9441 1 1073.14 1 
181700 162 151.685 99.8333 1 1073.82 1 
181800 152 156.151 106.789 1 1073.93 0.997632 
181900 150 150.22 99.1533 1 1074.98 1 
182000 129 158.907 111.636 1 1074.27 1 
182100 167 155.916 105.317 1 1077.04 0.997126 
182200 144 146.847 92.4236 1 1077.43 0.998056 
182300 159 150.34 97.0063 1 1077.41 0.999748 
182400 157 157.185 108.369 1 1077.9 1 
182500 148 153.486 103.412 1 1079.28 1 
182600 122 150.443 98.7377 1 1080.01 1 
182700 171 150.778 98.883 1 1080.65 1 
182800 145 151.931 102.359 1 1081.27 1 
182900 165 155.048 105.297 1 1082.76 1 
183000 113 164.947 119.186 1 1083.58 1 
183100 172 153.75 105.68 1 1084.43 1 
183200 141 151.113 99.9433 1 1084.69 1 
183300 156 157.622 109.859 1 1085.92 1 
183400 132 152.856 103.727 1 1086.73 1 
183500 136 155.316 109.544 1 1086.93 1 
183600 154 157.312 110.429 1 1088.34 0.999221 
183700 149 150.872 100.47 1 1088.58 1 
183800 142 158.817 111.718 1 1089.95 1 
183900 149 151.738 103.946 1 1090.6 1 
184000 154 160.494 114.175 1 1090.34 1 
184100 157 153.994 103.783 1 1091.08 1 
184200 146 156.527 109.486 1 1092.16 1 
184300 143 151.357 101.133 1 1092.57 1 
184400 166 161.861 117.386 1 1094.34 1 
184500 136 149.684 98.1397 1 1093.23 1 
184600 158 151.222 100.652 1 1094.7 1 
184700 158 153.557 103.544 1 1096.51 1 
184800 129 149.783 99.3256 1 1097.22 1 
184900 156 155.083 106.917 1 1097.31 1 
185000 153 153.02 100.941 1 1097.62 1 
185100 130 155.269 106.492 1 1099.38 1 
185200 138 152.558 102.761 1 1098.9 1 
185300 150 149.1 96.68 1 1099.27 1 
185400 172 158.924 111.169 1 1101.2 1 
185500 124 154.161 103.25 1 1101.87 1 
185600 149 163.946 119.993 1 1101.73 1 
185700 150 149.667 95.36 1 1102.07 1 
185800 172 159.616 111.663 1 1103.55 1 
185900 142 150.768 100.894 1 1105.5 1 
186000 160 152.287 98.9688 1 1103.97 1 
186100 145 161.752 114.455 1 1105.38 1 
186200 153 160.948 112.647 1 1106.84 1 
186300 144 157.986 109.41 1 1107.42 1 
186400 143 150.531 96.958 1 1108.43 1 
186500 171 148.93 96.0702 1 1109.56 1 
186600 138 153.123 101.326 1 1109.54 1 
186700 114 154.746 102.482 1 1110.92 1 
186800 190 151.642 98.9474 1 1111.63 1 
186900 158 150.968 99.3608 1 1113.06 1 
187000 156 148.231 93.8654 1 1113.78 1 
187100 140 150 92.3643 1 1113.46 0.997429 
187200 145 153.069 100.607 1 1113.9 1 
187300 148 151 97.8581 1 1116.9 0.999459 
187400 164 152.756 99.8293 1 1115.64 1 
187500 158 148.272 93.7785 1 1118.39 1 
187600 152 161.329 112.612 1 1117.82 1 
187700 136 151.949 100.779 1 1118.68 1 
187800 165 152.782 99.303 1 1119.11 1 
187900 165 149.109 97.1697 1 1121.89 1 
188000 150 156.973 108.073 1 1121.28 1 
188100 152 154.599 102.526 1 1121.72 1 
188200 151 157.298 108.775 1 1121.7 1 
188300 135 160.23 113.881 1 1124.61 1 
188400 165 159.503 111.006 1 1124.09 1 
188500 141 154.986 104.17 1 1124.89 0.99461 
188600 130 171.262 130.762 1 1125.21 1 
188700 146 155.966 108.055 1 1126.03 1 
188800 159 158.189 111.107 1 1126.64 1 
188900 149 151.141 99.7785 1 1128.54 1 
189000 158 163.576 119.171 1 1129.41 0.997215 
189100 123 152.081 100.366 1 1129.7 1 
189200 150 158.927 111.9 1 1131.17 1 
189300 135 152.6 103.096 1 1132.98 1 
189400 172 153.878 103.151 1 1133.06 1 
189500 155 152.148 100.8 1 1132.92 1 
189600 130 155.031 105.554 1 1135.22 1 
189700 150 158.467 110.96 1 1134.55 1 
189800 149 157.718 107.617 1 1136.56 0.994362 
189900 161 146.422 93.4099 1 1137.47 1 
190000 146 161.664 116.425 1 1137.98 1 
190100 144 152.312 100.694 1 1138.58 1 
190200 143 152.385 103.252 1 1140.33 1 
190300 145 152 103.021 1 1141.32 1 
190400 167 149.371 99.515 1 1141.64 1 
190500 138 149.761 99.4638 1 1142.7 1 
190600 163 150.27 101.16 1 1141.25 1 
190700 156 147.282 96.6026 1 1141.53 1 
190800 160 145.119 93.0187 1 1144.79 1 
190900 156 145.949 95.891 1 1145.46 1 
191000 130 145.915 94.3308 1 1144.37 1 
191100 156 149.718 95.9936 1 1145.04 0.995128 
191200 152 145.658 94.1579 1 1147.68 1 
191300 146 144.795 91.9658 1 1148.41 0.99726 
191400 166 157.12 110.331 1 1147.54 1 
191500 124 153.347 104.919 1 1148.91 1 
191600 138 158.529 109.536 1 1151.5 0.994493 
191700 150 162.16 117.693 1 1151 1 
191800 130 154.438 106.869 1 1152.94 1 
191900 159 158.365 112.252 1 1154.12 1 
192000 105 159.81 111.248 1 1153.19 0.992762 
192100 165 158.309 109.788 1 1154.34 0.995394 
192200 146 152.993 104.452 1 1155.9 1 
192300 139 153.964 107.489 1 1157.83 1 
192400 143 149.469 97.6224 1 1155.65 0.996923 
192500 142 147.81 96.2746 1 1156.87 1 
192600 169 149.911 99.8876 1 1159.64 0.996686 
192700 151 147.921 96.3311 1 1160.85 0.997351 
192800 174 142.977 90.0632 1 1160.09 1 
192900 150 149.733 100.693 1 1158.77 1 
193000 142 153.669 107.056 1 1164 1 
193100 168 143.327 91.4583 1 1163.35 1 
193200 174 144.828 93.7184 1 1163.74 1 
193300 175 145.72 95.3143 1 1164.98 1 
193400 116 153.431 107.009 1 1167.09 1 
193500 151 144.404 94.1589 1 1167.44 1 
193600 167 153.216 102.138 1 1167.17 0.995689 
193700 169 145.704 94.5799 1 1169.39 0.99929 
193800 153 146.451 96.7255 1 1171.29 1 
193900 116 159.069 111.974 1 1169.36 0.999655 
194000 171 150.719 103.029 1 1170.67 1 
194100 159 149.931 99.2201 1 1171.48 1 
194200 147 152.211 103.85 1 1173.46 1 
194300 167 149.641 98.485 1 1172 0.999042 
194400 164 156.329 108.939 1 1171.93 0.99878 
194500 141 148.816 100.106 1 1174.48 1 
194600 146 163.37 121.575 1 1175.88 1 
194700 144 151.028 103.458 1 1175.64 1 
194800 169 154.988 109.367 1 1177.67 1 
194900 132 156.992 111.364 1 1175.29 1 
195000 133 154.917 108.774 1 1179.65 1 
195100 148 154.628 109.52 1 1177.47 1 
195200 138 152.232 105.993 1 1179.97 1 
195300 166 154.145 105.024 1 1180.37 0.995181 
195400 141 159.021 114.809 1 1182.48 1 
195500 160 156.5 109.944 1 1181.17 1 
195600 138 147.957 99.0072 1 1184.22 1 
195700 168 159.762 115.815 1 1183.26 1 
195800 129 154.411 105.566 1 1183.95 1 
195900 163 150.528 99.5399 1 1185.15 0.995337 
196000 139 156.583 110.662 1 1185.94 1 
196100 168 154.988 106.869 1 1186.72 1 
196200 146 155.664 108.274 1 1186.4 1 
196300 145 157.593 110.421 1 1189.3 1 
196400 148 164.203 118.932 1 1188.28 1 
196500 149 155.403 108.51 1 1190.24 1 
196600 170 155.376 106.8 1 1190.79 1 
196700 134 160.925 115.328 1 1189.87 1 
196800 135 156.807 110.526 1 1192.73 1 
196900 135 152.23 104.319 1 1191.9 1 
197000 140 146.071 94.8643 1 1195.14 1 
197100 143 156.846 108.378 1 1192.43 1 
197200 125 157.6 110.88 1 1193.56 1 
197300 134 153.164 104.664 1 1193.4 1 
197400 133 162.88 118.774 1 1196.77 0.999398 
197500 143 161.49 116.441 1 1195.51 1 
197600 159 159.774 114.038 1 1196.8 1 
197700 149 157.832 112.517 1 1196.86 1 
197800 138 157.652 110.37 1 1198.91 1 
197900 146 157.199 111.315 1 1198.63 1 
198000 147 161.415 115.776 1 1199.22 1 
198100 150 156.073 107.767 1 1200.99 1 
198200 132 167.735 121.205 1 1200.35 0.994848 
198300 178 155.494 108.584 1 1202.17 1 
198400 108 156.352 109.102 1 1201.86 1 
198500 154 154.026 106.649 1 1204.11 1 
198600 151 155.338 107.894 1 1205.85 1 
198700 138 158.565 114.848 1 1204.97 1 
198800 109 170.697 131.165 1 1206.88 1 
198900 143 152.434 105.084 1 1208.27 1 
199000 152 160.579 117.289 1 1207.3 1 
199100 152 154.921 109.539 1 1208.53 1 
199200 132 155.242 104.144 1 1209.52 0.991818 
199300 154 164.357 121.584 1 1209.91 1 
199400 140 154.05 105.514 1 1209.99 0.996286 
199500 156 162.295 119.686 1 1210.53 0.995385 
199600 138 166.812 126.341 1 1212.21 1 
199700 138 165.594 122.514 1 1210.17 0.996522 
199800 150 155.02 108.26 1 1214.63 1 
199900 153 155.876 110.529 1 1213.39 1 
200000 164 165.402 123.524 1 1213.34 1 
200100 119 161.328 109.882 1 1213.87 0.992941 
200200 180 154.3 107.928 1 1213.8 1 
200300 168 157.631 111.655 1 1215.01 1 
200400 160 150.512 102.381 1 1217.86 1 
200500 184 152.505 102.788 1 1216.7 1 
200600 178 153.989 105.921 1 1217.85 1 
200700 180 144.617 92.7056 1 1219.18 1 
200800 191 144.911 93.5864 1 1221.12 0.999791 
200900 229 143.651 90.2358 1 1221.35 1 
201000 165 146.479 93.7697 1 1221.32 1 
