# Avida reaction data
# Sat Feb 18 01:08:21 2017
# First column gives the current update, all further columns give the number
# of currently living organisms each reaction has affected.
#  1: Update
#  2: NOT
#  3: NAND
#  4: AND
#  5: ORN
#  6: OR
#  7: ANDN
#  8: NOR
#  9: XOR
# 10: EQU

0 400 0 0 0 0 0 0 0 0 
100 9882 0 0 0 0 0 0 0 0 
200 9918 0 0 0 0 0 0 0 0 
300 9744 0 0 0 0 0 0 0 0 
400 9526 0 0 0 0 0 0 0 0 
500 9625 0 0 0 0 0 0 0 0 
600 9699 0 0 0 0 0 0 0 0 
700 2872 0 0 0 0 0 0 0 0 
800 8708 0 0 0 0 0 0 0 0 
900 8746 0 0 0 0 0 0 0 0 
1000 8726 0 0 0 0 0 0 0 0 
1100 8766 0 0 0 0 0 0 0 0 
1200 8676 0 0 0 0 0 0 0 0 
1300 6466 0 0 0 0 0 0 0 0 
1400 7199 0 0 0 0 0 0 0 0 
1500 8194 0 0 0 0 0 0 0 0 
1600 8155 0 0 0 0 0 0 0 0 
1700 8128 0 0 0 0 0 0 0 0 
1800 8171 0 0 0 0 0 0 0 0 
1900 8103 0 0 0 0 0 0 0 0 
2000 2930 0 0 0 0 0 0 0 0 
2100 7988 0 0 0 0 0 0 0 0 
2200 8113 0 0 0 0 0 0 0 0 
2300 8095 0 0 0 0 0 0 0 0 
2400 8109 0 0 0 0 0 0 0 0 
2500 8003 0 0 0 0 0 0 0 0 
2600 6938 0 0 0 0 0 0 0 0 
2700 4879 0 0 0 0 0 0 0 0 
2800 7718 0 0 0 0 0 0 0 0 
2900 7773 0 0 0 0 0 0 0 0 
3000 7787 0 0 0 0 0 0 0 0 
3100 7741 0 0 0 0 0 0 0 0 
3200 7739 0 0 0 0 0 0 0 0 
3300 3606 0 0 0 0 0 0 0 0 
3400 7470 0 0 0 0 0 0 0 0 
3500 7985 0 0 0 0 0 0 0 0 
3600 8008 0 0 0 0 0 0 0 0 
3700 7939 0 0 0 0 0 0 0 0 
3800 7984 0 0 0 0 0 0 0 0 
3900 7476 0 0 0 0 0 0 0 0 
4000 4350 0 0 0 0 0 0 0 0 
4100 7951 0 0 0 0 0 0 0 0 
4200 8006 0 0 0 0 0 0 0 0 
4300 7951 0 0 0 0 0 0 0 0 
4400 7867 0 0 0 0 0 0 0 0 
4500 7981 0 0 0 0 0 0 0 0 
4600 5089 0 0 0 0 0 0 0 0 
4700 6519 16 0 0 0 0 0 0 0 
4800 7974 25 0 0 0 0 0 0 0 
4900 7961 23 0 0 0 0 0 0 0 
5000 7828 25 0 0 0 0 0 0 0 
5100 7880 25 0 0 0 0 0 0 0 
5200 7722 25 0 0 0 0 0 0 0 
5300 4661 25 0 0 0 0 0 0 0 
5400 7604 26 0 0 0 0 0 0 0 
5500 7890 24 0 0 0 0 0 0 0 
5600 7876 21 0 0 0 0 0 0 0 
5700 7837 25 0 0 0 0 0 0 0 
5800 7764 23 0 0 0 0 0 0 0 
5900 5433 25 0 0 0 0 0 0 0 
6000 5874 17 0 0 0 0 0 0 0 
6100 7726 23 0 0 0 0 0 0 0 
6200 7816 25 0 0 0 0 0 0 0 
6300 7748 22 0 0 0 0 0 0 0 
6400 7749 25 0 0 0 0 0 0 0 
6500 7247 24 0 0 0 0 0 0 0 
6600 4610 10 0 0 0 0 0 0 0 
6700 6906 50 0 0 0 0 0 0 0 
6800 7491 46 0 0 0 0 0 0 0 
6900 7425 50 0 0 0 0 0 0 0 
7000 7330 45 0 0 0 0 0 0 0 
7100 7096 46 0 0 0 0 0 0 0 
7200 5567 22 0 0 0 0 0 0 0 
7300 5397 32 0 0 0 0 0 0 0 
7400 7633 50 0 0 0 0 0 0 0 
7500 7615 45 0 0 0 0 0 0 0 
7600 7515 48 0 0 0 0 0 0 0 
7700 7337 50 0 0 0 0 0 0 0 
7800 7022 50 0 0 0 0 0 0 0 
7900 4700 17 0 0 0 0 0 0 0 
8000 6679 98 0 0 0 0 0 0 0 
8100 7412 97 0 0 0 0 0 0 0 
8200 7298 74 0 0 0 0 0 0 0 
8300 7370 119 0 0 0 0 0 0 0 
8400 7328 117 0 0 0 0 0 0 0 
8500 6306 123 0 0 0 0 0 0 0 
8600 5080 120 0 0 0 0 0 0 0 
8700 7214 191 0 0 0 0 0 0 0 
8800 7095 184 0 0 0 0 0 0 0 
8900 7036 174 0 0 0 0 0 0 0 
9000 7236 238 0 0 0 0 0 0 0 
9100 6958 232 0 0 0 0 0 0 0 
9200 4583 161 0 0 0 0 0 0 0 
9300 6313 198 0 0 0 0 0 0 0 
9400 7438 298 0 0 0 0 0 0 0 
9500 7482 284 0 0 0 0 0 0 0 
9600 7607 272 0 0 0 0 0 0 0 
9700 7454 343 0 0 0 0 0 0 0 
9800 6445 239 0 0 0 0 0 0 0 
9900 5312 214 0 0 0 0 0 0 0 
10000 7223 122 0 0 0 0 0 0 0 
10100 7783 261 0 0 0 0 0 0 0 
10200 7806 248 0 0 0 0 0 0 0 
10300 7871 214 0 0 0 0 0 0 0 
10400 7424 247 0 0 0 0 0 0 0 
10500 5621 191 0 0 0 0 0 0 0 
10600 6378 305 0 0 0 0 0 0 0 
10700 7412 235 0 0 0 0 0 0 0 
10800 7796 392 0 0 0 0 0 0 0 
10900 7782 387 0 0 0 0 0 0 0 
11000 7526 365 0 0 0 0 0 0 0 
11100 6687 320 0 0 0 0 0 0 0 
11200 5305 349 0 0 0 0 0 0 0 
11300 6688 335 0 0 0 0 0 0 0 
11400 7321 293 0 0 0 0 0 0 0 
11500 7564 412 0 0 0 0 0 0 0 
11600 7420 412 0 0 0 0 0 0 0 
11700 6797 406 0 0 0 0 0 0 0 
11800 5715 249 0 0 0 0 0 0 0 
11900 5646 449 0 0 0 0 0 0 0 
12000 6995 384 0 0 0 0 0 0 0 
12100 7179 512 0 0 0 0 0 0 0 
12200 7140 632 0 0 0 0 0 0 0 
12300 6779 676 0 0 0 0 0 0 0 
12400 6531 571 0 0 0 0 0 0 0 
12500 5285 512 0 0 0 0 0 0 0 
12600 6514 775 0 0 0 0 0 0 0 
12700 7380 691 0 0 0 0 0 0 0 
12800 7371 857 0 0 0 0 0 0 0 
12900 7202 940 0 0 0 0 0 0 0 
13000 7167 946 0 0 0 0 0 0 0 
13100 6186 756 0 0 0 0 0 0 0 
13200 5709 620 0 0 0 0 0 0 0 
13300 7088 863 0 0 0 0 0 0 0 
13400 7296 740 0 0 0 0 0 0 0 
13500 7512 931 0 0 0 0 0 0 0 
13600 7235 941 0 0 0 0 0 0 0 
13700 6566 1152 0 0 0 0 0 0 0 
13800 5984 889 0 0 0 0 0 0 0 
13900 6160 750 0 1 0 0 0 0 0 
14000 7451 1178 0 25 0 0 0 0 0 
14100 7358 1016 0 25 0 0 0 0 0 
14200 7533 1264 0 25 0 0 0 0 0 
14300 6420 1124 0 25 0 0 0 0 0 
14400 6544 1450 0 25 0 0 0 0 0 
14500 5746 1571 0 23 0 0 0 0 0 
14600 6489 1237 0 50 0 0 0 0 0 
14700 7415 1792 0 50 0 0 0 0 0 
14800 6989 1597 0 43 0 0 0 0 0 
14900 6839 1766 0 47 0 0 0 0 0 
15000 6128 1432 0 41 0 0 0 0 0 
15100 5825 1487 0 42 0 0 0 0 0 
15200 6068 1503 0 27 0 0 0 0 0 
15300 6704 1468 0 41 0 0 0 0 0 
15400 6720 1570 0 48 0 0 0 0 0 
15500 6503 1554 0 39 0 0 0 0 0 
15600 6429 1894 0 38 0 0 0 0 0 
15700 5180 1257 0 42 0 0 0 0 0 
15800 6160 1836 0 8 0 0 0 0 0 
15900 6489 1868 0 47 0 0 0 0 0 
16000 6846 1935 0 38 0 0 0 0 0 
16100 6322 1624 0 43 0 0 0 0 0 
16200 6435 1998 0 75 0 0 0 0 0 
16300 7191 2305 0 69 0 0 0 0 0 
16400 5799 1639 0 69 0 0 0 0 0 
16500 5969 2049 0 67 0 0 0 0 0 
16600 6809 2193 0 113 0 0 0 0 0 
16700 6948 2265 0 107 0 0 0 0 0 
16800 5826 1693 0 98 0 0 0 0 0 
16900 7009 2220 0 135 0 0 0 0 0 
17000 6787 2426 0 117 0 0 0 0 0 
17100 5509 1730 0 75 0 0 0 0 0 
17200 6282 2446 0 44 0 0 0 0 0 
17300 6700 2597 0 125 0 0 0 0 0 
17400 6818 2274 0 95 0 0 0 0 0 
17500 5938 1857 0 54 0 14 0 0 0 
17600 6649 2532 0 60 25 16 0 0 0 
17700 6076 2551 0 66 25 19 0 0 0 
17800 5340 2110 0 68 13 16 0 0 0 
17900 5907 2325 0 94 22 47 0 0 0 
18000 6853 2800 0 100 23 50 0 0 0 
18100 6954 3064 0 116 1 50 0 0 0 
18200 5665 2139 0 114 44 59 0 0 0 
18300 6432 2911 0 114 21 42 0 0 0 
18400 6476 3426 0 155 25 42 0 0 0 
18500 5643 2699 0 107 23 10 0 0 0 
18600 6081 2583 0 189 21 45 0 0 0 
18700 6846 3669 0 210 1 24 0 0 0 
18800 6737 3722 0 78 20 25 0 0 0 
18900 5408 2725 0 165 23 25 0 0 0 
19000 5347 3145 0 288 0 25 0 0 0 
19100 6944 3890 0 250 0 25 0 0 0 
19200 6973 3458 0 285 0 4 0 0 0 
19300 4758 2037 0 224 0 25 0 0 0 
19400 7005 4286 0 277 0 20 0 0 0 
19500 7066 4309 0 291 0 25 0 0 0 
19600 4953 2589 0 275 0 16 0 0 0 
19700 5658 3340 0 310 0 46 0 0 0 
19800 6210 3731 0 221 0 25 0 0 0 
19900 6394 3607 0 408 0 25 0 0 0 
20000 4986 2798 0 379 0 44 0 0 0 
20100 6341 4309 0 160 0 40 0 0 0 
20200 6286 4161 0 470 0 46 0 0 0 
20300 5413 3495 0 483 0 15 0 0 0 
20400 5507 3635 0 328 0 94 0 0 0 
20500 6655 4507 0 568 0 48 0 0 0 
20600 6037 3948 0 508 0 48 0 0 0 
20700 5109 3202 0 480 0 40 0 0 0 
20800 6264 4402 0 475 0 43 0 0 0 
20900 5836 3831 0 604 0 25 0 0 0 
21000 5799 3844 0 514 0 24 0 0 0 
21100 4875 3304 0 488 0 23 0 0 0 
21200 6367 4220 0 927 0 22 0 0 0 
21300 6577 4626 0 768 0 31 0 0 0 
21400 5069 3673 0 312 0 44 0 0 0 
21500 5780 3670 0 824 0 48 0 0 0 
21600 6290 4454 0 915 0 23 0 0 0 
21700 5928 4230 0 507 0 25 0 0 0 
21800 4805 3006 0 1006 0 19 0 0 0 
21900 6284 4547 0 805 0 2 0 0 0 
22000 6616 4457 0 1114 0 48 0 0 0 
22100 5598 3788 0 894 0 50 0 0 0 
22200 5753 3725 0 1085 0 43 0 0 0 
22300 6104 4259 0 1210 0 44 0 0 0 
22400 5427 4003 0 813 0 46 0 0 0 
22500 4730 2966 0 1409 0 25 0 0 0 
22600 6175 4114 0 1114 0 76 0 0 0 
22700 5982 4183 0 1109 0 69 0 0 0 
22800 4877 2996 0 1283 0 71 0 0 0 
22900 6111 4462 0 1578 0 48 0 0 0 
23000 5970 4274 0 1234 0 46 0 0 0 
23100 5810 3780 0 1516 0 45 0 0 0 
23200 5647 3642 0 1590 0 45 0 0 0 
23300 6045 4393 0 1165 0 25 0 0 0 
23400 5646 3973 0 1366 0 25 0 0 0 
23500 6197 4170 0 1362 0 25 0 0 0 
23600 6317 4287 0 1619 0 23 0 0 0 
23700 5425 3745 0 1052 0 25 0 0 0 
23800 6603 4469 0 1942 0 32 0 0 0 
23900 5336 3374 0 1472 0 48 0 0 0 
24000 6151 4066 0 1781 0 46 0 0 0 
24100 6271 4156 0 2072 0 38 0 0 0 
24200 6028 4014 0 1783 0 44 0 0 0 
24300 5708 3729 0 1995 0 25 0 0 0 
24400 4971 3190 0 1227 0 4 0 0 0 
24500 6769 4343 0 2210 0 50 0 0 0 
24600 4982 3218 0 1243 0 48 0 0 0 
24700 5671 3751 0 1890 0 46 0 0 0 
24800 5898 3985 0 1618 0 49 0 0 0 
24900 6275 4127 0 2071 0 21 0 0 0 
25000 5041 3197 0 1982 0 23 0 0 0 
25100 5763 3767 0 1788 0 20 0 0 0 
25200 7052 4515 0 2444 0 25 0 0 0 
25300 4456 2586 0 1484 0 25 0 0 0 
25400 6436 4049 0 2593 0 25 0 0 0 
25500 5198 3320 0 1342 0 25 0 0 0 
25600 6496 4000 0 2608 0 25 0 0 0 
25700 4292 2568 0 1703 6 39 0 0 0 
25800 6307 4418 0 2669 24 21 0 0 0 
25900 6284 4014 0 2730 25 0 0 0 0 
26000 4753 2818 0 2108 0 0 0 0 0 
26100 6493 4049 0 3123 0 0 0 0 0 
26200 4647 2647 0 1714 0 0 0 0 0 
26300 6651 4054 0 3658 0 0 0 0 0 
26400 4805 2720 0 1950 0 0 0 0 0 
26500 6485 4245 0 3364 0 0 0 0 0 
26600 5403 3385 0 2559 0 0 0 0 0 
26700 5796 3475 0 3029 0 0 0 0 0 
26800 5862 3681 0 3066 0 0 0 0 0 
26900 4969 2881 0 2131 0 0 0 0 0 
27000 6718 3974 0 3331 0 0 0 0 0 
27100 4579 2651 0 1793 0 0 0 0 0 
27200 6550 4087 0 3681 0 0 0 0 0 
27300 4883 2890 0 2213 0 0 0 0 0 
27400 6296 4043 0 3438 0 0 0 0 0 
27500 4897 2848 0 2604 0 0 0 0 0 
27600 5663 3418 0 3187 0 0 0 0 0 
27700 5865 3996 0 3724 0 0 0 0 0 
27800 4715 2930 0 3094 0 0 0 0 0 
27900 5765 3994 0 3655 0 0 0 0 0 
28000 5089 3277 0 2946 0 0 0 0 0 
28100 6159 3804 0 3743 0 0 0 0 0 
28200 4684 3065 0 2399 0 0 0 0 0 
28300 6220 4253 0 3846 0 0 0 0 0 
28400 4963 3021 0 2460 0 0 0 0 0 
28500 6294 3786 0 3241 0 1 0 0 0 
28600 5896 3569 0 3040 0 0 0 0 0 
28700 4993 3074 0 2643 0 0 0 0 0 
28800 6209 3848 0 3473 0 0 0 0 0 
28900 5455 2933 0 2471 0 0 0 0 0 
29000 5752 3317 0 3061 0 0 0 0 0 
29100 4612 2544 0 2220 0 0 0 0 0 
29200 5374 2996 0 2718 0 0 0 0 0 
29300 5464 2919 0 2799 0 0 0 0 0 
29400 5012 2937 0 2634 0 0 0 0 0 
29500 6162 3683 0 3213 0 0 0 0 0 
29600 5371 3339 0 2661 0 0 0 0 0 
29700 6304 3788 0 3447 0 0 0 0 0 
29800 5133 2894 0 2605 0 0 0 0 0 
29900 5794 3658 0 3355 0 0 0 0 0 
30000 4567 2731 0 2563 0 0 0 0 0 
30100 5429 3492 0 3025 0 0 0 0 0 
30200 5374 3350 0 2961 0 0 0 0 0 
30300 5250 3424 0 3201 0 0 0 0 0 
30400 6139 3682 0 3360 0 0 0 0 0 
30500 5613 3366 0 3233 0 0 0 0 0 
30600 6350 3884 0 3906 0 0 0 0 0 
30700 5075 2807 0 2683 0 0 0 0 0 
30800 6190 3840 0 3506 0 2 0 0 0 
30900 5030 2737 0 2823 0 3 0 0 0 
31000 5651 3357 0 3108 0 0 0 0 0 
31100 4659 2694 0 2669 0 2 0 0 0 
31200 5299 3139 0 3023 0 1 0 0 0 
31300 5771 3404 1 3381 0 0 0 0 0 
31400 5450 3330 0 3312 0 2 0 0 0 
31500 6294 4031 0 3619 0 0 0 0 0 
31600 5731 3416 0 3205 0 1 0 0 0 
31700 6157 3756 1 3474 0 2 0 0 0 
31800 4652 2457 0 2671 0 2 0 0 0 
31900 5382 2984 0 2909 0 0 0 0 0 
32000 4890 2899 0 2795 0 0 0 0 0 
32100 5010 2795 1 2920 0 0 0 0 0 
32200 5259 2839 0 2761 0 1 0 0 0 
32300 5969 3228 0 3375 0 1 0 0 0 
32400 5298 3052 2 2999 0 0 0 0 0 
32500 6113 3245 5 3333 0 0 0 0 0 
32600 5996 3448 0 3695 0 0 0 0 0 
32700 5139 2947 3 2859 0 1 0 0 0 
32800 5691 2847 0 3067 0 1 0 0 0 
32900 5289 3032 0 3116 0 0 0 0 0 
33000 5867 3117 2 3532 0 1 0 0 0 
33100 4919 2771 5 2901 0 7 0 0 0 
33200 5724 3152 2 3390 0 0 0 0 0 
33300 5204 2671 25 3050 0 0 0 0 0 
33400 5546 3086 24 3156 0 0 0 0 0 
33500 4887 2568 0 2811 0 0 0 0 0 
33600 5690 2926 0 2953 0 0 0 0 0 
33700 5833 2926 1 3198 0 0 0 0 0 
33800 5201 2703 1 2640 0 0 0 0 0 
33900 5657 3070 0 3015 0 0 0 0 0 
34000 4968 2451 2 2591 0 0 0 0 0 
34100 5357 2813 0 2851 0 0 0 0 0 
34200 5400 2830 0 2784 0 0 0 0 0 
34300 5466 2749 0 2959 0 0 0 0 0 
34400 5553 2712 0 3086 0 0 0 0 0 
34500 5187 2518 0 2739 0 0 0 0 0 
34600 5187 2550 0 2727 0 0 0 0 0 
34700 5386 2528 4 2911 0 0 0 0 0 
34800 5286 2711 1 2839 0 0 0 0 0 
34900 5437 2370 0 2785 0 0 12 0 0 
35000 5159 2611 3 2791 0 0 0 0 0 
35100 5285 2482 0 2720 0 0 0 0 0 
35200 5102 2450 1 2570 0 1 0 0 0 
35300 5664 2776 0 3050 0 0 0 0 0 
35400 5155 2484 0 2645 0 0 0 0 0 
35500 5619 2923 1 3020 8 0 0 0 0 
35600 5056 2309 2 2521 23 0 0 0 0 
35700 5778 2975 2 3048 0 0 0 0 0 
35800 5333 2516 2 2728 0 0 0 0 0 
35900 5218 2610 0 2826 0 0 0 0 0 
36000 6447 3124 4 3392 0 0 0 0 0 
36100 5198 2287 2 2603 0 0 0 0 0 
36200 6197 3123 0 3416 0 0 0 0 0 
36300 4456 2009 1 2141 0 0 0 0 0 
36400 6681 3303 0 3565 0 0 0 0 0 
36500 4379 1973 8 2107 0 0 0 0 0 
36600 5858 2958 0 2928 25 0 0 0 0 
36700 5618 2621 0 2748 25 0 0 0 0 
36800 5551 2625 0 2890 21 0 0 0 0 
36900 5509 2816 1 2926 21 0 0 0 0 
37000 5126 2330 1 2697 23 0 0 0 0 
37100 6264 3072 0 3408 0 0 0 0 0 
37200 4971 2152 0 2479 0 0 0 0 0 
37300 5672 2625 0 2907 0 0 0 0 0 
37400 5835 2500 0 2836 0 0 0 0 0 
37500 5256 2427 0 2672 0 0 0 0 0 
37600 6046 2765 0 2854 0 0 0 0 0 
37700 6173 2749 0 2916 0 0 0 0 0 
37800 5617 2577 0 2705 1 0 0 0 0 
37900 5783 2678 0 2672 1 0 0 0 0 
38000 5673 2787 0 2768 0 0 0 0 0 
38100 5850 2777 0 2810 2 0 0 0 0 
38200 5896 2842 0 2831 0 0 0 0 0 
38300 6037 2826 0 2822 0 0 0 0 0 
38400 6072 2641 0 2866 0 0 0 0 0 
38500 5459 2488 0 2302 0 0 0 0 0 
38600 6293 2865 0 2981 0 0 0 0 0 
38700 5732 2569 0 2592 0 0 0 0 0 
38800 5269 2523 0 2437 0 0 0 0 0 
38900 6283 2900 0 2977 0 0 0 0 0 
39000 5585 2471 0 2499 0 0 0 0 0 
39100 6444 3347 0 3290 0 0 0 0 0 
39200 4781 2055 0 2109 0 0 0 0 0 
39300 6023 2725 0 3018 0 0 0 0 0 
39400 5437 2417 0 2356 0 0 0 0 0 
39500 5449 2578 0 2708 0 0 0 0 0 
39600 5941 2759 0 2653 0 0 0 0 0 
39700 5691 2504 0 2500 0 0 0 0 0 
39800 5557 2757 2 2509 0 0 0 0 0 
39900 5390 2558 1 2230 0 0 0 0 0 
40000 5408 2534 0 2593 0 0 0 0 0 
40100 5303 2399 1 2087 0 0 0 0 0 
40200 5736 2899 0 2783 0 0 0 0 0 
40300 5401 2517 1 2355 0 0 0 0 0 
40400 5586 2762 0 2768 0 0 0 0 0 
40500 4893 2316 0 2188 0 0 0 0 0 
40600 4929 2405 0 2078 0 0 0 0 0 
40700 5545 2611 0 2272 0 0 0 0 0 
40800 5478 2622 1 2213 0 0 0 0 0 
40900 5351 2728 0 2478 0 0 0 0 0 
41000 5323 2570 0 2344 1 0 0 0 0 
41100 5084 2427 0 2267 0 0 0 0 0 
41200 5350 2529 0 2404 0 0 0 0 0 
41300 4875 2338 0 1951 0 0 0 0 0 
41400 5725 2878 0 2563 0 0 0 0 0 
41500 5403 2742 0 2237 0 0 0 0 0 
41600 5749 2921 0 2726 0 0 0 0 0 
41700 5764 2904 0 2598 0 0 0 0 0 
41800 5439 2584 0 2371 14 0 0 0 0 
41900 5789 2912 0 2718 14 0 0 0 0 
42000 5073 2615 0 2124 0 0 0 0 0 
42100 5729 2787 0 2684 0 0 0 0 0 
42200 5574 2713 0 2710 0 0 0 0 0 
42300 5732 2635 0 2786 0 0 0 0 0 
42400 5342 2604 0 2775 1 0 0 0 0 
42500 4923 2279 0 2277 0 0 0 0 0 
42600 4925 2231 0 2410 0 0 0 0 0 
42700 4821 2228 0 2342 0 0 0 0 0 
42800 4763 2096 0 2346 0 0 0 0 0 
42900 5048 2346 0 2530 0 0 0 0 0 
43000 4251 1914 0 1981 0 0 0 0 0 
43100 5400 2585 0 2688 0 0 0 0 0 
43200 4836 2236 0 2301 0 0 0 0 0 
43300 5398 2445 0 2639 0 0 0 0 0 
43400 4597 2138 0 1975 0 0 0 0 0 
43500 5235 2459 0 2393 4 0 0 0 0 
43600 4552 2105 0 2065 3 0 0 0 0 
43700 5483 2823 0 2608 3 0 0 0 0 
43800 5451 2844 0 2623 2 0 0 0 0 
43900 5507 2835 1 2814 8 0 0 0 0 
44000 5270 2728 1 2592 4 0 0 0 0 
44100 5741 2799 0 2832 10 0 0 0 0 
44200 5170 2369 0 2615 5 0 0 0 0 
44300 5343 2278 0 2561 8 0 0 0 0 
44400 5572 2732 2 2849 7 0 0 0 0 
44500 5031 2351 1 2438 10 0 0 0 0 
44600 5888 2787 0 2963 11 0 0 0 0 
44700 5030 2366 0 2427 5 1 0 0 0 
44800 5673 2690 2 2659 4 0 0 0 0 
44900 4945 2311 1 2401 0 0 0 0 0 
45000 4739 2315 0 2355 3 0 0 0 0 
45100 4924 2329 1 2391 4 0 0 0 0 
45200 5566 2665 0 2718 3 0 0 0 0 
45300 4880 2321 0 2610 0 0 0 0 0 
45400 5766 2794 1 2997 13 1 0 0 0 
45500 4900 2400 0 2624 7 0 0 0 0 
45600 5308 2456 0 2756 8 0 0 0 0 
45700 4713 2179 0 2308 3 0 0 0 0 
45800 4936 2461 0 2600 12 0 0 0 0 
45900 4592 2027 0 2210 2 0 0 0 0 
46000 5338 2620 0 2728 5 0 0 0 0 
46100 4577 2171 0 2396 3 0 0 0 0 
46200 5601 2832 0 3002 0 0 0 0 0 
46300 4995 2601 0 2748 0 2 0 0 0 
46400 5035 2458 0 2666 7 5 0 0 0 
46500 4936 2814 0 2921 2 8 0 0 0 
46600 4520 2243 0 2265 5 24 0 0 0 
46700 4930 2463 0 2718 3 8 0 0 0 
46800 4365 2242 0 2197 0 5 0 0 0 
46900 5103 2626 0 2795 0 8 0 0 0 
47000 4969 2497 2 2431 0 2 0 0 0 
47100 5465 2699 0 2668 0 18 0 0 0 
47200 4677 2311 0 2308 0 1 0 0 0 
47300 5192 2569 0 2589 0 0 0 0 0 
47400 4981 2580 0 2579 0 0 0 0 0 
47500 5416 2703 1 2943 0 0 0 0 0 
47600 4428 2250 1 2320 0 0 0 0 0 
47700 5556 2944 0 3005 0 0 0 0 0 
47800 4508 2213 0 2290 0 0 0 0 0 
47900 5567 2835 2 2926 16 0 0 0 0 
48000 4808 2315 1 2382 23 0 0 0 0 
48100 4992 2688 5 2812 18 0 0 0 0 
48200 4389 2175 3 2176 16 2 0 0 0 
48300 4977 2565 4 2785 0 1 0 0 0 
48400 4500 2175 6 2438 0 2 0 0 0 
48500 4432 2116 3 2380 0 0 0 0 0 
48600 5169 2573 4 2885 0 2 0 0 0 
48700 4383 2192 2 2301 0 0 0 0 0 
48800 5139 2747 4 2829 0 1 0 0 0 
48900 3856 1864 4 1968 0 0 0 0 0 
49000 5573 2959 1 3059 0 2 0 0 0 
49100 4813 2709 4 2686 5 3 0 0 0 
49200 5283 3055 3 3020 2 1 0 0 0 
49300 5105 2754 2 2711 4 2 0 0 0 
49400 4782 2483 0 2563 3 0 0 0 0 
49500 5447 3015 3 2962 5 2 0 0 0 
49600 3560 1817 0 1883 5 1 0 0 0 
49700 5569 3036 1 3174 0 2 0 0 0 
49800 4261 2227 2 2082 5 4 0 0 0 
49900 5579 3119 3 2938 8 1 0 0 0 
50000 5097 2833 1 2738 8 1 0 0 0 
50100 4903 2571 0 2468 7 12 0 0 0 
50200 4838 2754 0 2708 3 2 0 0 0 
50300 5007 2574 1 2423 3 22 0 0 0 
50400 5282 2909 0 2580 3 1 0 0 0 
50500 4675 2554 5 2176 7 14 0 0 0 
50600 4987 2896 0 2550 8 4 0 0 0 
50700 5271 2659 18 2412 10 38 0 0 0 
50800 4886 2765 13 2530 3 22 0 0 0 
50900 4557 2595 1 2240 6 10 0 0 0 
51000 4403 2227 13 1953 10 7 0 0 0 
51100 5370 3097 0 2446 8 0 0 0 0 
51200 4569 2700 0 2119 6 0 0 0 0 
51300 5527 2908 0 2633 2 0 0 0 0 
51400 4783 2657 0 2313 3 0 0 0 0 
51500 5118 2819 0 2483 3 0 0 0 0 
51600 4872 2679 0 2340 2 0 0 0 0 
51700 4833 2583 1 2202 5 0 0 0 0 
51800 5079 2959 12 2503 1 0 0 0 0 
51900 5022 2746 0 2114 0 0 0 0 0 
52000 4578 2826 0 2446 0 0 0 0 0 
52100 5335 2919 1 2337 2 0 15 0 0 
52200 4831 2847 0 2387 7 0 11 0 0 
52300 5598 3103 0 2501 0 0 13 0 0 
52400 5297 2913 0 2362 0 0 10 0 0 
52500 5470 3149 0 2414 0 0 16 0 0 
52600 5589 3180 0 2445 0 0 22 0 0 
52700 4878 2811 0 2260 0 0 12 0 0 
52800 5468 3096 1 2510 0 0 34 0 0 
52900 4410 2539 0 2005 0 0 8 0 0 
53000 5698 3177 0 2630 0 0 45 0 0 
53100 4331 2427 0 1956 0 0 4 0 0 
53200 5594 3181 0 2496 0 0 43 0 0 
53300 4705 2464 0 1902 1 0 0 0 0 
53400 5689 3469 1 2658 0 9 63 0 0 
53500 5115 2780 0 2278 0 0 32 0 0 
53600 5513 3186 0 2413 0 0 24 0 0 
53700 5475 3236 1 2501 0 0 20 0 0 
53800 4961 2689 0 1994 0 0 13 0 0 
53900 5961 3242 0 2618 0 0 7 0 0 
54000 4979 2533 0 1995 0 0 0 0 0 
54100 5844 3203 0 2541 1 0 0 0 0 
54200 4782 2320 0 1868 0 0 0 0 0 
54300 5463 2914 0 2488 0 0 0 0 0 
54400 5234 2774 0 2310 0 0 0 0 0 
54500 4882 2708 0 2408 12 0 0 0 0 
54600 5888 3248 1 2777 1 0 0 0 0 
54700 4655 2423 1 2264 13 0 0 0 0 
54800 5654 2941 0 2716 4 0 0 0 0 
54900 4421 2043 1 2072 0 0 0 0 0 
55000 5634 2987 0 2879 0 0 0 0 0 
55100 4373 2200 0 2017 0 0 0 0 0 
55200 5705 2883 0 2667 0 0 0 0 0 
55300 5209 2519 0 2562 0 0 0 0 0 
55400 5335 2516 0 2452 0 0 0 0 0 
55500 5804 3143 0 3105 0 0 0 0 0 
55600 4602 2331 0 2204 0 0 0 0 0 
55700 6106 3389 0 3237 0 0 0 0 0 
55800 4592 2400 0 2464 0 0 0 0 0 
55900 6068 3138 0 3180 7 0 0 0 0 
56000 4699 2500 0 2386 2 0 0 0 0 
56100 5275 2997 0 2848 3 0 0 0 0 
56200 5102 2968 0 2670 7 0 0 0 0 
56300 4343 2350 0 2122 11 0 0 0 0 
56400 5258 3099 0 2842 6 0 0 0 0 
56500 3981 2291 0 1968 14 0 0 0 0 
56600 5397 3442 0 3279 11 0 0 0 0 
56700 4796 2950 0 2510 8 0 0 0 0 
56800 5923 3603 0 3142 0 0 0 0 0 
56900 5725 3611 0 2991 0 0 0 0 0 
57000 4981 2942 0 2521 0 0 0 0 0 
57100 5542 3244 0 2655 0 0 0 0 0 
57200 4528 2982 0 2265 0 0 0 0 0 
57300 5233 3132 0 2686 1 0 0 0 0 
57400 5071 3057 0 2624 0 0 0 0 0 
57500 5351 3358 0 2714 1 0 0 0 0 
57600 5807 3632 0 3047 5 0 0 0 0 
57700 4293 2690 0 2184 10 0 0 0 0 
57800 6432 3746 0 3227 15 0 0 0 0 
57900 4491 2625 0 2013 10 0 0 0 0 
58000 5667 3140 0 2605 6 0 0 0 0 
58100 5137 3035 0 2261 33 0 0 0 0 
58200 5767 3285 1 2542 18 1 0 0 0 
58300 4779 2584 8 2002 12 5 0 0 0 
58400 4935 2762 16 2050 19 10 0 0 0 
58500 5092 2766 2 2266 27 0 0 0 0 
58600 5057 2790 28 2304 15 15 0 0 0 
58700 6039 3429 15 2766 22 12 0 0 0 
58800 4901 2541 13 2005 5 6 0 0 0 
58900 5617 3068 43 2558 17 27 0 0 0 
59000 4203 2223 22 1883 20 14 0 0 0 
59100 5735 3311 14 2555 10 6 0 0 0 
59200 5077 2758 60 2208 10 26 0 0 0 
59300 5576 3108 13 2632 6 11 1 0 0 
59400 5476 3085 46 2426 11 36 0 0 0 
59500 5489 3061 55 2560 9 41 0 0 0 
59600 5252 3088 25 2622 3 24 0 0 0 
59700 4754 2729 34 2172 0 23 0 0 0 
59800 5837 3538 46 2827 3 28 0 0 0 
59900 4816 2702 16 2195 3 24 0 0 0 
60000 5494 3265 47 2639 5 41 0 0 0 
60100 4680 2751 33 2066 0 24 0 0 0 
60200 5481 3400 54 2440 1 33 0 0 0 
60300 4940 3050 50 2393 0 26 0 0 0 
60400 5274 3241 53 2614 0 21 0 0 0 
60500 5630 3535 49 2834 0 35 0 0 0 
60600 4970 3026 39 2417 0 27 0 0 0 
60700 5571 3511 49 2804 0 28 0 0 0 
60800 4977 2953 59 2493 0 25 0 0 0 
60900 5329 3355 25 2644 0 15 0 0 0 
61000 4515 2752 66 2182 2 47 0 0 0 
61100 5464 3401 41 2804 3 26 0 0 0 
61200 4645 2762 35 2297 5 20 0 0 0 
61300 5687 3548 94 2966 2 57 0 0 0 
61400 4855 3108 34 2698 0 20 0 0 0 
61500 4839 3062 44 2613 0 60 0 0 0 
61600 4898 3397 69 2774 0 47 0 0 0 
61700 4341 2935 15 2475 1 30 0 0 0 
61800 4975 3485 53 2769 0 54 0 0 0 
61900 5259 3218 61 2719 3 73 0 0 0 
62000 5035 3254 8 2864 25 11 0 0 0 
62100 4617 2956 53 2363 1 40 0 0 0 
62200 4766 3272 55 2857 2 43 0 0 0 
62300 4395 3077 9 2562 2 7 0 0 0 
62400 5251 3663 125 3161 2 94 0 0 0 
62500 4578 3259 55 2681 25 45 0 0 0 
62600 5023 3395 118 2819 4 65 0 0 0 
62700 4823 3230 124 2616 3 78 0 0 0 
62800 4830 3101 56 2690 4 30 0 0 0 
62900 5043 3597 164 2861 4 99 0 0 0 
63000 4684 3022 233 2634 0 132 0 0 0 
63100 4782 3439 87 2778 6 47 0 0 0 
63200 5136 3715 207 3142 4 124 0 0 0 
63300 5638 3853 194 3139 16 126 0 0 0 
63400 4627 3141 114 2769 13 42 0 0 0 
63500 5168 3409 208 2736 1 122 0 0 0 
63600 4788 3483 127 2617 21 63 0 0 0 
63700 4268 2780 137 2357 20 60 0 0 0 
63800 5151 3644 197 2698 22 113 0 0 0 
63900 4357 2950 158 2163 22 66 0 0 0 
64000 4377 3043 97 2429 12 49 0 0 0 
64100 4771 3253 258 2496 9 158 0 0 0 
64200 4395 2922 99 2103 2 69 0 0 0 
64300 4890 3043 193 2276 2 119 0 0 0 
64400 4596 3029 284 2215 6 166 0 0 0 
64500 4402 2903 81 2142 3 45 0 0 0 
64600 4656 3032 273 2218 3 153 0 0 0 
64700 4604 2970 162 2289 1 107 0 0 0 
64800 4523 3055 169 2161 10 110 0 0 0 
64900 4526 2995 235 2096 12 154 0 0 0 
65000 4170 2968 102 2190 5 73 0 0 0 
65100 4296 2852 287 2098 15 173 0 0 0 
65200 4508 2994 190 2147 12 114 0 0 0 
65300 3848 2749 153 1798 2 99 0 0 0 
65400 4406 2843 226 1995 22 115 0 0 0 
65500 4213 2860 238 2100 13 153 0 0 0 
65600 4360 3091 200 2184 17 139 0 0 0 
65700 4519 2820 230 2013 22 166 0 0 0 
65800 4724 3029 291 2246 12 183 0 0 0 
65900 4661 2988 244 2156 2 128 0 0 0 
66000 4292 2763 276 2089 7 153 0 0 0 
66100 5170 3080 273 2287 4 158 0 0 0 
66200 4282 2717 230 1970 7 125 0 0 0 
66300 5162 3355 427 2380 3 219 0 0 0 
66400 4745 2968 368 2307 11 207 0 0 0 
66500 4160 2699 317 2088 18 186 0 0 0 
66600 4900 3148 521 2316 15 305 0 0 0 
66700 3724 2318 248 1642 8 129 0 0 0 
66800 4992 3200 523 2255 5 300 0 0 0 
66900 4424 2692 437 1806 3 244 0 0 0 
67000 4657 3196 419 2216 6 190 0 0 0 
67100 5042 3295 605 2263 4 356 0 0 0 
67200 4588 2843 376 1914 6 179 1 0 0 
67300 5075 3113 604 2163 10 366 0 0 0 
67400 4574 2745 664 1748 4 360 0 0 0 
67500 4296 2684 382 1675 8 195 0 0 0 
67600 4753 2752 820 1755 8 445 0 0 0 
67700 4338 2526 540 1773 13 322 0 0 0 
67800 4309 2638 605 1750 9 312 0 0 0 
67900 4975 2871 725 1779 10 399 0 0 0 
68000 4963 2897 705 1865 5 402 0 0 0 
68100 4893 2870 838 1637 16 470 0 0 0 
68200 5135 3021 811 1793 5 467 0 0 0 
68300 4282 2482 677 1348 2 360 0 0 0 
68400 4826 2925 852 1572 4 436 0 0 0 
68500 5139 2881 1025 1602 4 553 2 0 0 
68600 4500 2598 826 1386 3 413 0 0 0 
68700 4587 2557 939 1336 3 435 0 0 0 
68800 4956 2613 874 1466 4 481 0 0 0 
68900 3635 2023 584 1010 1 220 0 0 0 
69000 5074 2660 1009 1495 4 560 0 0 0 
69100 4737 2438 869 1400 3 478 0 0 0 
69200 3508 1802 508 966 2 239 0 0 0 
69300 5226 2649 1000 1433 2 546 0 0 0 
69400 4076 2182 649 1279 5 299 1 0 0 
69500 4427 2183 901 1116 3 395 0 0 0 
69600 4937 2592 961 1623 4 572 0 0 0 
69700 3985 2075 828 1079 5 350 1 0 0 
69800 5788 2938 1271 1674 3 617 0 0 0 
69900 4890 2460 1007 1394 0 519 0 0 0 
70000 4357 2222 1008 1108 12 419 0 0 0 
70100 5369 2697 1307 1348 9 563 0 0 0 
70200 4834 2417 1284 1195 11 565 1 0 0 
70300 4941 2530 1357 1210 0 567 0 0 0 
70400 4748 2256 1178 1132 0 566 0 0 0 
70500 5543 2777 1359 1356 0 629 0 0 0 
70600 4210 2066 989 1012 0 461 0 0 0 
70700 5673 2796 1553 1420 0 769 0 0 0 
70800 4650 2320 1250 1149 0 628 0 0 0 
70900 5172 2652 1363 1317 0 647 0 0 0 
71000 5531 2832 1517 1374 17 735 15 0 0 
71100 4711 2490 1160 1151 24 518 0 0 0 
71200 4862 2394 1226 1283 15 618 0 0 0 
71300 5613 2738 1508 1485 17 795 0 0 0 
71400 4085 2147 1080 996 25 471 0 0 0 
71500 5481 2878 1530 1487 20 819 0 0 0 
71600 4052 2305 1381 1129 15 660 1 0 0 
71700 4344 2283 1274 1123 12 609 1 0 0 
71800 5155 2739 1509 1466 17 806 0 0 0 
71900 4277 2180 1106 1065 17 507 4 0 0 
72000 4993 2510 1296 1368 39 743 8 0 0 
72100 4866 2511 1461 1263 34 756 1 0 0 
72200 3774 1957 1012 1002 17 541 0 0 0 
72300 4933 2589 1312 1265 31 696 0 0 0 
72400 4115 2125 1219 1115 36 635 0 0 0 
72500 4383 2304 1283 1200 35 696 0 0 0 
72600 4832 2449 1528 1401 25 896 0 0 0 
72700 3870 1919 1100 1076 19 625 1 0 0 
72800 5371 2708 1586 1450 19 865 0 0 0 
72900 4760 2421 1467 1390 17 811 0 0 0 
73000 4108 1966 1033 1050 15 565 1 0 0 
73100 4741 2294 1355 1324 20 796 0 0 0 
73200 4638 2148 1299 1274 15 818 0 0 0 
73300 3549 1724 1038 952 0 574 0 0 0 
73400 4660 2298 1416 1349 0 863 0 0 0 
73500 4089 1949 1247 1111 0 751 0 0 0 
73600 4186 2170 1400 1094 0 730 0 0 0 
73700 4924 2413 1685 1313 0 945 0 0 0 
73800 3791 1778 1120 961 0 629 0 0 0 
73900 4837 2528 1722 1344 0 955 0 0 0 
74000 4580 2364 1670 1274 0 920 0 0 0 
74100 4255 1992 1156 1056 0 624 0 0 0 
74200 5637 2901 1905 1523 1 1036 0 0 0 
74300 4410 2073 1269 1191 0 726 0 0 0 
74400 4485 2409 1503 1287 1 795 1 0 0 
74500 4886 2444 1594 1226 0 806 0 0 0 
74600 3986 2051 1343 1159 0 752 0 0 0 
74700 4615 2413 1568 1216 0 769 0 0 0 
74800 5065 2656 1683 1348 0 860 0 0 0 
74900 4177 2259 1339 1180 0 688 0 0 0 
75000 4720 2727 1769 1325 0 820 0 0 0 
75100 4122 2382 1482 1144 0 717 0 0 0 
75200 4578 2622 1686 1205 1 782 1 0 0 
75300 4195 2491 1558 1094 1 689 0 0 0 
75400 4633 2594 1557 1153 0 686 0 0 0 
75500 5362 3082 1989 1373 1 895 0 0 0 
75600 3890 2087 1190 941 0 521 0 0 0 
75700 5572 2979 1915 1415 0 927 0 0 0 
75800 4217 2180 1384 1076 1 687 1 0 0 
75900 4713 2471 1464 1183 1 680 1 0 0 
76000 5155 2786 1761 1290 0 790 0 0 0 
76100 4376 2242 1365 1044 0 577 0 0 0 
76200 5179 2699 1720 1247 0 798 0 0 0 
76300 4835 2458 1512 1214 0 776 0 0 0 
76400 4879 2639 1579 1230 0 710 0 0 0 
76500 5265 2768 1657 1315 0 790 0 0 0 
76600 4297 2363 1335 1053 0 587 0 0 0 
76700 5223 2819 1765 1365 0 829 0 0 0 
76800 4856 2665 1598 1280 0 785 0 0 0 
76900 4042 2059 1189 979 0 587 0 0 0 
77000 5905 3212 2053 1480 0 939 0 0 0 
77100 4545 2340 1299 1115 0 674 1 0 0 
77200 5066 2652 1617 1247 0 753 0 0 0 
77300 5517 2864 1943 1439 1 1011 0 0 0 
77400 4336 2155 1339 1102 0 686 0 0 0 
77500 4602 2332 1305 1171 0 648 0 0 0 
77600 4884 2494 1656 1233 0 808 0 0 0 
77700 4238 1963 1126 1025 0 577 0 0 0 
77800 5411 2677 1644 1371 1 818 0 0 0 
77900 5593 2798 1781 1391 0 828 0 0 0 
78000 4581 2205 1395 1196 1 728 0 0 0 
78100 4866 2409 1460 1171 1 662 0 0 0 
78200 5249 2422 1423 1371 0 752 0 0 0 
78300 4685 2126 1275 1164 1 714 0 0 0 
78400 5684 2555 1561 1296 5 784 4 0 0 
78500 4913 2171 1181 1123 0 614 0 0 0 
78600 5119 2452 1497 1139 0 668 0 0 0 
78700 4714 2087 1174 1160 0 664 0 0 0 
78800 5078 2281 1315 1093 2 592 1 0 0 
78900 5320 2250 1322 1188 0 722 0 0 0 
79000 4789 2176 1283 979 0 521 0 0 0 
79100 5148 2524 1608 1074 0 641 0 0 0 
79200 4297 2106 1097 968 0 500 0 0 0 
79300 5380 2564 1554 1230 0 704 0 0 0 
79400 4366 2079 1148 1081 0 597 0 0 0 
79500 4464 2207 1203 915 0 506 0 0 0 
79600 4858 2370 1432 1155 0 745 0 0 0 
79700 4762 2336 1366 1018 1 572 7 0 0 
79800 4808 2318 1512 1119 1 716 12 0 0 
79900 4823 2282 1494 1089 0 738 0 0 0 
80000 4463 2098 1166 998 0 492 0 0 0 
80100 4991 2283 1319 1163 1 697 0 0 0 
80200 5343 2596 1513 1260 0 729 0 0 0 
80300 4548 2042 1192 1048 0 569 0 0 0 
80400 5183 2542 1417 1139 0 626 0 0 0 
80500 5037 2385 1224 1114 0 563 0 0 0 
80600 4699 2254 1114 1106 0 526 0 0 0 
80700 5168 2547 1328 1333 0 713 0 0 0 
80800 3881 1903 1023 943 2 499 0 0 0 
80900 4618 2307 1173 1287 0 688 0 0 0 
81000 4644 2369 1317 1139 1 586 0 0 0 
81100 3866 1927 841 1043 0 450 0 0 0 
81200 5067 2579 1397 1256 0 693 0 0 0 
81300 4310 2194 1016 1170 1 517 0 0 0 
81400 4848 2462 1136 1243 0 555 0 0 0 
81500 4898 2523 1245 1251 0 625 0 0 0 
81600 4433 2238 1058 1151 2 519 5 0 0 
81700 4810 2368 1217 1229 2 605 8 0 0 
81800 4963 2396 1300 1404 0 822 6 0 0 
81900 4321 2075 1015 1175 4 580 1 0 0 
82000 5212 2532 1404 1484 2 868 0 0 0 
82100 4918 2333 1155 1324 2 682 0 0 0 
82200 4369 2220 1160 1125 2 538 0 0 0 
82300 4915 2397 1348 1332 1 702 1 0 0 
82400 4704 2296 1306 1331 1 722 1 0 0 
82500 3968 1825 893 1030 1 533 0 0 0 
82600 5149 2508 1266 1301 0 631 0 0 0 
82700 4997 2252 1155 1428 0 781 0 0 0 
82800 4124 1966 994 1046 0 523 0 0 0 
82900 4920 2293 1176 1277 1 620 0 0 0 
83000 5085 2547 1365 1391 1 786 0 0 0 
83100 4609 2255 1133 1253 0 579 0 0 0 
83200 5647 2789 1491 1610 0 871 0 0 0 
83300 4712 2265 1197 1261 0 635 0 0 0 
83400 4651 2263 1288 1361 0 760 0 0 0 
83500 5741 2989 1829 1500 0 914 0 0 0 
83600 4421 2107 1153 1341 1 716 1 0 0 
83700 4791 2475 1455 1199 0 589 0 0 0 
83800 5845 2874 1607 1577 0 886 0 0 0 
83900 4678 2372 1191 1275 0 591 0 0 0 
84000 5101 2489 1314 1399 0 724 0 0 0 
84100 5379 2630 1293 1477 0 726 0 0 0 
84200 4316 2206 1011 1249 0 472 0 0 0 
84300 5486 2635 1329 1618 1 848 0 0 0 
84400 5341 2767 1515 1368 0 699 0 0 0 
84500 4372 2155 1025 1205 0 609 0 0 0 
84600 5643 2915 1479 1519 0 756 0 0 0 
84700 5191 2710 1530 1488 0 843 0 0 0 
84800 4052 2020 1136 1121 0 646 0 0 0 
84900 5505 2754 1567 1711 0 1053 0 0 0 
85000 4853 2491 1421 1416 0 809 0 0 0 
85100 3659 1876 912 1009 1 545 0 0 0 
85200 5558 2870 1880 1611 0 1067 0 0 0 
85300 4165 2347 1359 1153 0 691 0 0 0 
85400 3781 1948 1137 930 1 542 0 0 0 
85500 5555 2983 1901 1503 0 946 0 0 0 
85600 3759 2038 1174 949 1 545 0 0 0 
85700 5341 2769 1679 1333 0 771 0 0 0 
85800 5001 2603 1755 1249 0 835 0 0 0 
85900 3877 2069 1064 879 0 482 0 0 0 
86000 4935 2785 1613 1260 1 820 1 0 0 
86100 4726 2549 1505 1157 0 709 0 0 0 
86200 4047 2149 995 912 1 453 1 0 0 
86300 5424 2815 1613 1255 0 776 0 0 0 
86400 4816 2514 1321 1064 0 590 0 0 0 
86500 4767 2382 1345 1112 0 636 0 0 0 
86600 5141 2568 1480 1238 0 782 0 0 0 
86700 4091 2060 1149 984 0 612 0 0 0 
86800 4731 2382 1444 1122 0 656 0 0 0 
86900 4598 2341 1334 1215 0 707 0 0 0 
87000 5163 2638 1655 1219 0 713 0 0 0 
87100 5145 2575 1568 1299 0 787 0 0 0 
87200 4572 2251 1402 998 0 604 0 0 0 
87300 5049 2568 1506 1252 2 734 0 0 0 
87400 4857 2432 1347 1110 0 640 0 0 0 
87500 5221 2686 1565 1211 1 646 1 0 0 
87600 4653 2433 1298 1097 1 638 1 0 0 
87700 4681 2350 1333 992 0 573 0 0 0 
87800 5693 3060 1677 1401 0 756 0 0 0 
87900 4687 2320 1337 1048 1 572 1 0 0 
88000 5279 2745 1393 1251 0 626 0 0 0 
88100 5230 2782 1524 1213 1 709 0 0 0 
88200 4449 2277 1026 1040 0 507 0 0 0 
88300 4877 2443 1279 1071 1 589 1 0 0 
88400 4749 2411 1274 1183 8 575 8 0 0 
88500 4694 2459 1345 1096 1 594 1 0 0 
88600 4832 2478 1185 1031 1 424 1 0 0 
88700 5532 2983 1613 1421 0 800 0 0 0 
88800 4752 2436 1312 1189 0 678 0 0 0 
88900 4925 2704 1437 1242 0 696 0 0 0 
89000 4640 2466 1325 1092 2 623 1 0 0 
89100 4321 2420 1199 1061 1 533 0 0 0 
89200 4860 2467 1198 1254 0 623 0 0 0 
89300 5081 2540 1359 1181 0 637 0 0 0 
89400 4159 2041 991 1022 0 504 0 0 0 
89500 5416 2790 1584 1232 0 728 0 0 0 
89600 4447 2247 1187 1139 1 661 0 0 0 
89700 4055 2079 1121 842 0 475 0 0 0 
89800 5153 2609 1523 1417 0 804 0 0 0 
89900 4145 2096 1241 980 0 580 0 0 0 
90000 4217 2184 1210 1193 0 648 0 0 0 
90100 5177 2622 1578 1460 0 891 0 0 0 
90200 3572 1762 968 883 0 446 1 0 0 
90300 4753 2286 1249 1248 0 713 0 0 0 
90400 5040 2520 1557 1368 0 851 0 0 0 
90500 3629 1958 1079 990 0 500 0 0 0 
90600 4977 2549 1614 1359 0 842 0 0 0 
90700 4966 2596 1543 1438 1 906 1 0 0 
90800 3139 1590 896 791 0 467 0 0 0 
90900 5726 2865 1839 1565 0 989 0 0 0 
91000 3917 1964 1184 1070 1 673 0 0 0 
91100 3748 1871 1046 995 0 559 0 0 0 
91200 5327 2779 1799 1513 1 1051 1 0 0 
91300 4083 2094 1163 1106 0 649 0 0 0 
91400 4332 2297 1434 1291 0 820 0 0 0 
91500 5024 2643 1641 1401 0 894 0 0 0 
91600 3810 1948 1060 1140 0 624 0 0 0 
91700 4775 2580 1710 1304 0 855 0 0 0 
91800 4542 2371 1380 1198 0 680 0 0 0 
91900 4090 2239 1298 1157 0 676 0 0 0 
92000 4997 2754 1727 1360 1 857 1 0 0 
92100 4566 2322 1340 1216 0 728 0 0 0 
92200 4673 2506 1663 1232 1 799 0 0 0 
92300 4259 2307 1464 1079 0 660 0 0 0 
92400 4750 2591 1685 1259 0 834 0 0 0 
92500 4366 2366 1433 1175 1 728 0 0 0 
92600 3854 2169 1263 946 0 528 0 0 0 
92700 5480 2990 1829 1465 1 890 1 0 0 
92800 4633 2539 1604 1140 1 691 0 0 0 
92900 4456 2334 1477 1017 2 654 0 0 0 
93000 5415 2939 2014 1355 0 935 0 0 0 
93100 3683 1829 1087 787 0 521 0 0 0 
93200 6051 3226 2025 1502 0 1001 0 0 0 
93300 4440 2427 1548 1045 0 687 0 0 0 
93400 3929 2060 1199 908 0 538 0 0 0 
93500 5530 2946 2146 1405 0 1064 0 0 0 
93600 3368 1796 1037 766 0 466 0 0 0 
93700 5168 2757 1865 1209 0 807 0 0 0 
93800 5256 2836 1768 1331 0 851 0 0 0 
93900 3615 1840 1051 762 0 434 0 0 0 
94000 5818 3184 2039 1457 0 960 0 0 0 
94100 4290 2181 1313 1002 0 600 0 0 0 
94200 4333 2286 1299 990 0 615 0 0 0 
94300 5661 3130 2047 1400 0 995 0 0 0 
94400 3690 1864 998 792 0 462 0 0 0 
94500 5617 3005 1928 1322 0 903 0 0 0 
94600 3936 2090 1344 941 0 650 0 0 0 
94700 4449 2357 1357 1022 1 573 1 0 0 
94800 5034 2881 1865 1327 0 870 0 0 0 
94900 3495 1933 1025 828 0 435 0 0 0 
95000 5671 2943 1868 1399 1 847 1 0 0 
95100 5058 2691 1735 1304 1 832 0 0 0 
95200 4158 1959 1111 937 0 445 0 0 0 
95300 5341 2794 1829 1441 4 864 0 0 0 
95400 4513 2202 1302 1102 1 631 1 0 0 
95500 4642 2330 1416 1088 0 628 0 0 0 
95600 5054 2793 1691 1198 1 704 0 0 0 
95700 4326 2126 1417 1005 0 631 0 0 0 
95800 4746 2398 1633 1209 0 756 0 0 0 
95900 4108 2223 1393 976 1 604 1 0 0 
96000 4764 2332 1572 1197 0 784 0 0 0 
96100 4674 2541 1686 1187 1 752 0 0 0 
96200 3939 2064 1296 956 0 565 0 0 0 
96300 5295 2543 1707 1240 0 796 0 0 0 
96400 4936 2515 1501 1132 0 642 0 0 0 
96500 4647 2265 1456 1083 1 674 0 0 0 
96600 5027 2425 1416 1102 0 611 0 0 0 
96700 4681 2342 1405 1132 0 705 0 0 0 
96800 4607 2266 1362 1016 0 579 0 0 0 
96900 4045 1974 1123 942 0 545 0 0 0 
97000 5596 2748 1804 1263 0 808 0 0 0 
97100 4364 1958 1064 907 0 521 0 0 0 
97200 4585 2249 1366 1046 0 621 0 0 0 
97300 5608 2659 1614 1240 0 776 0 0 0 
97400 3964 2010 1200 894 0 538 0 0 0 
97500 4894 2420 1447 1075 1 622 1 0 0 
97600 4088 2031 1270 1046 0 673 0 0 0 
97700 5060 2498 1517 1080 0 583 0 0 0 
97800 4614 2292 1574 1062 0 705 0 0 0 
97900 4739 2483 1416 1051 0 511 0 0 0 
98000 5517 2954 1860 1275 0 759 0 0 0 
98100 4824 2640 1509 1140 0 590 0 0 0 
98200 4177 2449 1437 862 1 457 0 0 0 
98300 4713 2560 1672 1194 1 752 0 0 0 
98400 4731 2492 1520 1049 1 548 0 0 0 
98500 3905 2315 1236 933 0 476 0 0 0 
98600 5432 2942 1843 1311 0 785 0 0 0 
98700 4122 2336 1311 991 0 516 0 0 0 
98800 3570 1902 1078 759 1 419 1 0 0 
98900 5639 3101 1786 1451 0 834 0 0 0 
99000 3893 2071 1157 983 0 556 0 0 0 
99100 3703 2024 1099 885 1 474 1 0 0 
99200 5124 2704 1597 1315 1 774 0 0 0 
99300 4471 2331 1440 1074 0 654 0 0 0 
99400 3866 2144 1219 976 1 504 0 0 0 
99500 4582 2330 1466 1186 0 753 0 0 0 
99600 4243 2270 1353 1036 0 593 0 0 0 
99700 4072 2076 1225 908 0 502 0 0 0 
99800 5136 2788 1724 1306 0 741 0 0 0 
99900 4458 2384 1433 1057 0 607 0 0 0 
100000 3889 1985 1203 873 0 479 0 0 0 
100100 5544 2868 1751 1315 0 782 0 0 0 
100200 4302 2270 1302 1085 1 597 1 0 0 
100300 4399 2307 1215 933 0 452 0 0 0 
100400 5044 2647 1486 1252 1 710 1 0 0 
100500 4462 2324 1297 916 13 468 1 0 0 
100600 4783 2575 1534 1126 11 616 0 0 0 
100700 4736 2484 1381 1141 17 616 0 0 0 
100800 3877 1993 1255 785 0 443 0 0 0 
100900 5384 2742 1694 1390 5 839 0 0 0 
101000 4429 2233 1456 932 0 608 0 0 0 
101100 4501 2363 1443 997 0 616 0 0 0 
101200 5573 2908 1885 1244 0 802 0 0 0 
101300 3924 2086 1154 777 0 404 0 0 0 
101400 5294 2886 1852 1171 0 736 0 0 0 
101500 5125 2642 1700 1048 0 664 0 0 0 
101600 3746 1920 1225 685 0 399 0 0 0 
101700 5011 2749 1769 1077 0 664 0 0 0 
101800 4886 2643 1727 1210 0 775 0 0 0 
101900 4175 2345 1522 837 0 480 0 0 0 
102000 4726 2544 1778 1137 0 776 0 0 0 
102100 4603 2581 1845 1075 0 744 0 0 0 
102200 4208 2207 1426 895 0 529 0 0 0 
102300 4577 2584 1668 1167 0 759 0 0 0 
102400 4010 2112 1334 874 1 506 0 0 0 
102500 4581 2605 1669 1062 1 658 0 0 0 
102600 4474 2514 1627 1050 2 674 1 0 0 
102700 4485 2451 1493 936 1 585 0 0 0 
102800 4886 2696 1768 1159 1 718 0 0 0 
102900 3764 2081 1252 776 0 461 0 0 0 
103000 5229 2804 1696 1202 0 739 0 0 0 
103100 4591 2310 1438 1045 1 670 0 0 0 
103200 3894 2066 1396 827 0 541 0 0 0 
103300 4867 2679 1644 1226 0 778 0 0 0 
103400 4712 2427 1527 1154 0 721 0 0 0 
103500 4548 2381 1548 1142 0 740 0 0 0 
103600 5351 2771 1787 1349 0 873 0 0 0 
103700 4237 2263 1468 1100 0 695 0 0 0 
103800 4924 2537 1442 1255 0 728 0 0 0 
103900 4339 2197 1284 1058 0 653 0 0 0 
104000 4652 2505 1593 1153 1 708 0 0 0 
104100 4765 2566 1534 1276 0 790 0 0 0 
104200 4470 2414 1436 1164 0 692 0 0 0 
104300 4950 2654 1503 1356 0 769 0 0 0 
104400 4195 2065 1276 959 1 616 0 0 0 
104500 3764 2026 1145 951 1 522 0 0 0 
104600 4790 2454 1541 1200 0 787 0 0 0 
104700 4393 2295 1454 1096 0 698 0 0 0 
104800 3862 1850 1068 921 0 500 0 0 0 
104900 4514 2369 1471 1078 0 656 0 0 0 
105000 4096 2275 1498 1084 0 703 0 0 0 
105100 4343 2338 1456 1140 0 718 0 0 0 
105200 4888 2638 1719 1243 0 777 0 0 0 
105300 4256 2458 1572 1162 0 703 0 0 0 
105400 4125 2259 1425 1173 0 701 0 0 0 
105500 3961 2343 1576 1116 0 693 0 0 0 
105600 4444 2547 1736 1222 0 786 0 0 0 
105700 4724 2734 1849 1370 1 880 0 0 0 
105800 3473 2043 1393 901 0 609 0 0 0 
105900 5018 2687 1841 1366 0 929 0 0 0 
106000 4219 2454 1640 1247 0 827 0 0 0 
106100 3229 1917 1350 795 0 536 0 0 0 
106200 4956 2720 1873 1469 0 989 0 0 0 
106300 3760 2132 1449 1048 0 718 0 0 0 
106400 4158 2317 1623 1177 0 819 0 0 0 
106500 5304 2925 2089 1500 0 1033 0 0 0 
106600 3549 1955 1245 1007 0 667 0 0 0 
106700 4180 2228 1397 1217 0 788 0 0 0 
106800 4642 2606 1675 1387 0 941 0 0 0 
106900 3723 2041 1307 1037 1 661 0 0 0 
107000 4884 2577 1774 1473 0 982 0 0 0 
107100 3773 2059 1211 981 0 605 0 0 0 
107200 4771 2632 1577 1378 0 860 0 0 0 
107300 4246 2216 1346 1143 0 704 0 0 0 
107400 3837 2142 1110 993 0 481 0 0 0 
107500 4879 2506 1394 1254 0 703 0 0 0 
107600 4090 2278 1326 1162 1 643 1 0 0 
107700 4515 2448 1265 1199 0 580 0 0 0 
107800 4768 2568 1391 1288 0 696 0 0 0 
107900 3998 2172 1077 1007 0 436 0 0 0 
108000 4482 2439 1445 1158 0 698 0 0 0 
108100 4831 2644 1422 1243 0 637 0 0 0 
108200 4229 2294 1116 1105 0 429 0 0 0 
108300 5530 3063 1667 1381 0 642 0 0 0 
108400 4199 2261 1084 1024 1 434 0 0 0 
108500 5135 2933 1504 1391 0 671 0 0 0 
108600 4766 2685 1543 1367 1 781 0 0 0 
108700 3737 2061 1037 1099 0 506 0 0 0 
108800 5294 2992 1646 1583 0 874 0 0 0 
108900 4248 2200 1165 1132 0 584 0 0 0 
109000 4298 2468 1269 1212 0 619 0 0 0 
109100 4891 2814 1699 1358 0 831 0 0 0 
109200 4479 2484 1366 1222 0 672 0 0 0 
109300 4450 2642 1547 1299 0 803 0 0 0 
109400 4741 2509 1489 1243 0 740 0 0 0 
109500 4202 2297 1266 1179 0 639 0 0 0 
109600 4462 2501 1568 1145 0 668 0 0 0 
109700 4493 2390 1393 1215 2 686 0 0 0 
109800 4620 2730 1697 1282 0 775 0 0 0 
109900 4443 2536 1590 1232 1 729 0 0 0 
110000 3455 2044 1218 1068 1 614 0 0 0 
110100 4586 2675 1849 1383 0 954 0 0 0 
110200 3958 2230 1450 1157 0 734 0 0 0 
110300 4048 2311 1405 1171 0 635 0 0 0 
110400 5576 3010 1878 1656 0 998 0 0 0 
110500 4797 2492 1384 1373 0 732 0 0 0 
110600 4267 2247 1240 1163 0 595 0 0 0 
110700 5506 2953 1769 1582 0 938 0 0 0 
110800 4701 2330 1344 1219 0 697 0 0 0 
110900 4131 2233 1205 1107 0 548 0 0 0 
111000 4836 2497 1449 1255 0 754 0 0 0 
111100 4857 2554 1468 1349 0 764 0 0 0 
111200 4054 2220 1285 1071 1 587 0 0 0 
111300 4061 2124 1212 1023 0 563 0 0 0 
111400 4835 2521 1446 1247 0 708 0 0 0 
111500 4147 2241 1200 1093 1 609 0 0 0 
111600 4176 2232 1266 1056 0 578 0 0 0 
111700 5184 2761 1752 1431 0 912 0 0 0 
111800 4049 2093 1153 1028 0 622 0 0 0 
111900 4458 2410 1360 1256 0 716 0 0 0 
112000 4992 2612 1444 1313 0 743 0 0 0 
112100 4420 2370 1195 1214 0 631 0 0 0 
112200 4892 2459 1362 1249 0 681 0 0 0 
112300 4666 2308 1205 1251 13 655 11 0 0 
112400 4821 2601 1394 1325 15 755 13 0 0 
112500 4014 2108 1043 1053 14 495 14 0 0 
112600 5306 2804 1578 1449 0 831 0 0 0 
112700 5581 2880 1604 1559 0 894 0 0 0 
112800 3441 1751 874 859 0 421 0 0 0 
112900 5493 2780 1479 1434 0 798 0 0 0 
113000 4957 2634 1380 1348 1 742 1 0 0 
113100 3915 1990 985 1024 0 544 0 0 0 
113200 4442 2365 1141 1215 0 628 0 0 0 
113300 5626 2908 1547 1561 0 885 0 0 0 
113400 4112 2140 1107 1093 0 552 0 0 0 
113500 4866 2505 1354 1257 0 718 0 0 0 
113600 5080 2715 1330 1394 1 731 1 0 0 
113700 4131 2158 1174 1072 7 599 6 0 0 
113800 4415 2519 1234 1213 6 630 6 0 0 
113900 5131 2757 1553 1415 8 830 8 0 0 
114000 5029 2827 1602 1405 9 831 9 0 0 
114100 3543 1993 1008 984 0 473 0 0 0 
114200 5151 2931 1820 1571 13 1006 8 0 0 
114300 5602 3130 1755 1618 1 959 1 0 0 
114400 3228 1751 890 965 7 549 7 0 0 
114500 4910 2573 1349 1403 3 780 3 0 0 
114600 5212 2856 1540 1548 0 882 0 0 0 
114700 3445 1836 940 1050 0 588 0 0 0 
114800 4736 2611 1423 1333 0 763 0 0 0 
114900 5169 2851 1677 1527 0 963 0 0 0 
115000 3911 2205 1230 1115 0 643 0 0 0 
115100 4056 2330 1294 1028 0 611 0 0 0 
115200 5382 3177 1735 1590 0 912 0 0 0 
115300 4175 2240 1146 1098 0 596 0 0 0 
115400 4319 2667 1430 1208 0 687 0 0 0 
115500 5079 2979 1610 1512 0 845 0 0 0 
115600 4142 2285 1423 1240 0 757 0 0 0 
115700 4017 2309 1236 1154 0 621 0 0 0 
115800 5012 2865 1585 1553 0 904 0 0 0 
115900 4454 2357 1243 1226 0 688 0 0 0 
116000 4193 2407 1191 1248 0 653 0 0 0 
116100 5312 3006 1596 1557 0 836 0 0 0 
116200 4276 2419 1300 1297 0 717 0 0 0 
116300 4559 2536 1114 1451 0 606 0 0 0 
116400 4688 2793 1531 1502 0 803 0 0 0 
116500 4620 2719 1432 1415 0 758 0 0 0 
116600 3907 2349 1144 1268 1 581 0 0 0 
116700 4091 2678 1408 1268 0 660 0 0 0 
116800 4759 2912 1573 1566 1 821 1 0 0 
116900 4472 2769 1427 1523 0 794 0 0 0 
117000 4161 2728 1452 1415 0 723 0 0 0 
117100 4319 2717 1381 1486 0 744 0 0 0 
117200 4360 2756 1452 1416 0 746 0 0 0 
117300 4264 2797 1427 1462 0 720 0 0 0 
117400 4239 2738 1527 1435 0 774 0 0 0 
117500 5153 3109 1812 1671 0 966 0 0 0 
117600 4181 2824 1512 1419 0 775 0 0 0 
117700 3974 2570 1416 1217 0 680 0 0 0 
117800 5217 3328 1939 1617 0 914 0 0 0 
117900 3868 2639 1419 1142 0 616 0 0 0 
118000 4187 2958 1496 1385 0 708 0 0 0 
118100 5524 3625 1886 1690 0 886 0 0 0 
118200 3903 2619 1457 1211 0 654 0 0 0 
118300 4219 2739 1395 1323 0 677 0 0 0 
118400 5009 3136 1906 1613 0 988 0 0 0 
118500 4106 2444 1106 1221 0 568 0 0 0 
118600 4600 3150 1656 1568 0 782 0 0 0 
118700 4544 2797 1527 1431 0 750 0 0 0 
118800 4855 2992 1556 1492 0 750 0 0 0 
118900 4751 3149 1664 1517 1 766 0 0 0 
119000 4334 2827 1440 1409 0 707 0 0 0 
119100 4410 2763 1413 1357 0 713 0 0 0 
119200 4500 2908 1369 1444 0 676 0 0 0 
119300 4369 2721 1330 1405 0 715 0 0 0 
119400 4891 2914 1544 1548 0 830 0 0 0 
119500 4352 2713 1326 1431 0 711 0 0 0 
119600 4433 2700 1237 1383 0 661 0 0 0 
119700 4729 2826 1424 1522 0 807 0 0 0 
119800 4438 2601 1297 1337 0 706 0 0 0 
119900 4130 2467 1233 1217 0 634 0 0 0 
120000 4499 2609 1342 1312 0 715 0 0 0 
120100 4713 2647 1334 1351 0 655 0 0 0 
120200 4289 2672 1309 1233 0 606 0 0 0 
120300 4528 2701 1256 1399 9 724 0 0 0 
120400 4842 2859 1299 1529 7 809 0 0 0 
120500 4666 2848 1314 1296 6 603 0 0 0 
120600 4696 2756 1356 1317 9 628 0 0 0 
120700 5123 3110 1495 1428 0 772 0 0 0 
120800 4612 2734 1223 1403 0 656 0 0 0 
120900 4836 3168 1538 1496 1 708 0 0 0 
121000 5200 3258 1583 1527 0 762 0 0 0 
121100 4763 3080 1459 1490 1 705 1 0 0 
121200 4395 2755 1432 1259 0 599 0 0 0 
121300 5312 3216 1606 1622 0 813 0 0 0 
121400 4460 2519 1207 1230 0 611 0 0 0 
121500 4083 2371 1105 1147 0 530 0 0 0 
121600 4825 3054 1540 1486 0 785 0 0 0 
121700 4928 2797 1430 1310 0 694 0 0 0 
121800 3689 2364 1058 1047 0 487 0 0 0 
121900 4961 3166 1474 1476 1 725 1 0 0 
122000 5127 3021 1429 1522 5 773 1 0 0 
122100 3845 2305 1057 1057 0 482 1 0 0 
122200 4705 2985 1356 1508 2 738 4 0 0 
122300 4177 2424 1251 1260 3 668 7 0 0 
122400 4507 2786 1300 1389 1 664 0 0 0 
122500 3741 2477 1050 1164 2 496 1 0 0 
122600 5182 3118 1595 1599 4 763 3 0 0 
122700 5016 3070 1449 1535 2 716 0 0 0 
122800 3841 2461 1107 1168 0 459 0 0 0 
122900 5278 3244 1717 1590 1 801 0 0 0 
123000 4981 2976 1581 1452 1 757 0 0 0 
123100 4183 2728 1370 1283 0 599 0 0 0 
123200 5050 2918 1581 1460 0 818 0 0 0 
123300 4678 2899 1609 1449 0 797 0 0 0 
123400 4409 2641 1260 1250 0 637 0 0 0 
123500 4166 2611 1316 1301 0 703 0 0 0 
123600 4928 2969 1561 1486 5 821 3 0 0 
123700 4372 2556 1159 1278 0 607 1 0 0 
123800 3829 2436 1043 1095 2 504 1 0 0 
123900 5061 3106 1505 1573 0 794 0 0 0 
124000 4495 2701 1439 1309 0 734 0 0 0 
124100 4066 2471 1036 1140 0 499 0 0 0 
124200 5061 2956 1476 1502 2 779 0 0 0 
124300 5502 3227 1527 1646 11 811 0 0 0 
124400 3943 2319 945 1073 3 441 0 0 0 
124500 4016 2388 1147 1133 0 565 0 0 0 
124600 5610 3263 1586 1711 0 826 0 0 0 
124700 3799 2396 1076 1186 0 515 0 0 0 
124800 4269 2670 1156 1341 3 581 0 0 0 
124900 5102 2965 1516 1560 0 790 0 0 0 
125000 3796 2216 990 1172 2 519 0 0 0 
125100 4236 2278 1120 1075 5 451 0 0 0 
125200 5111 2836 1514 1500 0 756 0 0 0 
125300 4626 2372 1279 1100 13 528 0 0 0 
125400 3629 2108 1035 921 9 394 0 0 0 
125500 5685 3049 1733 1452 8 773 0 0 0 
125600 4688 2588 1410 1214 18 655 0 0 0 
125700 4027 2187 1103 947 7 463 0 0 0 
125800 4520 2421 1419 1127 0 686 0 0 0 
125900 5158 2712 1529 1296 21 748 0 0 0 
126000 4006 2349 1321 1018 20 552 0 0 0 
126100 3903 2257 1225 1000 2 535 0 0 0 
126200 4744 2897 1718 1295 60 787 0 0 0 
126300 3907 2523 1362 1029 23 560 1 0 0 
126400 3584 2078 1124 911 2 494 0 0 0 
126500 4410 2743 1517 1227 34 680 1 0 0 
126600 4213 2516 1320 1114 18 604 2 0 0 
126700 3718 2321 1181 1002 2 502 0 0 0 
126800 4725 2830 1593 1342 30 781 2 0 0 
126900 4598 2647 1463 1324 19 762 0 0 0 
127000 3465 1919 961 933 7 489 1 0 0 
127100 4990 2844 1503 1409 51 778 1 0 0 
127200 4708 2773 1476 1419 47 744 0 0 0 
127300 3813 2222 1064 1066 13 513 2 0 0 
127400 4693 2722 1433 1409 104 754 0 0 0 
127500 5176 3044 1676 1539 74 900 3 0 0 
127600 3263 1889 965 953 18 501 2 0 0 
127700 4642 2844 1564 1393 67 773 4 0 0 
127800 4732 2881 1517 1447 55 730 2 0 0 
127900 4116 2394 1162 1153 24 581 6 0 0 
128000 4113 2552 1267 1279 38 659 1 0 0 
128100 4486 2551 1392 1334 32 800 5 0 0 
128200 3783 2275 1267 1219 24 729 1 0 0 
128300 3670 1955 1093 1010 11 552 0 0 0 
128400 4608 2709 1582 1404 21 900 0 0 0 
128500 3970 2308 1204 1144 14 555 0 0 0 
128600 3554 2100 1245 1113 8 633 0 0 0 
128700 4594 2914 1746 1470 38 853 1 0 0 
128800 3983 2485 1466 1330 9 781 0 0 0 
128900 3615 2268 1226 1161 21 643 0 0 0 
129000 4365 2641 1577 1379 35 842 0 0 0 
129100 4384 2719 1509 1475 32 834 0 0 0 
129200 3418 2017 982 1098 18 553 1 0 0 
129300 5016 3196 1738 1865 46 1094 0 0 0 
129400 4187 2551 1335 1354 17 742 0 0 0 
129500 3719 2396 1245 1504 25 789 0 0 0 
129600 4197 2648 1399 1520 27 858 0 0 0 
129700 4391 2629 1291 1737 28 978 8 0 0 
129800 4004 2431 1246 1476 11 797 3 0 0 
129900 3768 2170 1180 1409 27 897 0 0 0 
130000 4446 2577 1441 1572 18 937 0 0 0 
130100 3917 2267 1254 1373 19 835 0 0 0 
130200 3916 2111 1116 1345 32 801 0 0 0 
130300 4584 2612 1357 1477 27 901 0 0 0 
130400 3963 2096 1042 1433 14 807 0 0 0 
130500 3794 2216 1254 1305 44 803 0 0 0 
130600 4820 2690 1521 1721 18 1101 0 0 0 
130700 4023 2243 1229 1314 4 783 0 0 0 
130800 3839 2371 1299 1441 16 866 0 0 0 
130900 4695 2476 1454 1509 17 908 0 0 0 
131000 4866 2690 1509 1634 4 952 0 0 0 
131100 4059 2280 1252 1425 52 781 0 0 0 
131200 4504 2618 1541 1614 26 976 0 0 0 
131300 4593 2512 1417 1644 6 1003 0 0 0 
131400 4222 2238 1144 1450 33 770 0 0 0 
131500 4340 2326 1341 1593 19 957 0 0 0 
131600 4502 2274 1237 1415 5 840 0 0 0 
131700 4163 2302 1291 1315 20 791 0 0 0 
131800 4321 2199 1247 1297 15 690 0 0 0 
131900 4335 2336 1252 1305 17 719 0 0 0 
132000 5056 2802 1486 1431 36 778 0 0 0 
132100 3869 2218 1086 1168 39 607 0 0 0 
132200 4568 2446 1508 1309 6 781 0 0 0 
132300 4886 2640 1441 1431 48 839 0 0 0 
132400 3537 1976 1021 1012 36 597 0 0 0 
132500 4272 2167 1095 1170 30 636 0 0 0 
132600 4752 2656 1404 1392 51 841 0 0 0 
132700 3859 2403 1198 1178 54 644 0 0 0 
132800 3748 2131 928 1144 22 619 0 0 0 
132900 4877 2888 1563 1564 64 895 5 0 0 
133000 4123 2390 1232 1217 41 729 0 0 0 
133100 3708 2043 1040 990 41 573 4 0 0 
133200 5121 3027 1678 1613 61 977 2 0 0 
133300 4295 2534 1299 1366 60 754 0 0 0 
133400 3734 2277 1216 1159 39 686 0 0 0 
133500 4969 3098 1635 1617 71 888 0 0 0 
133600 4778 2892 1409 1489 71 788 0 0 0 
133700 4391 2737 1290 1263 50 615 0 0 0 
133800 4923 2971 1475 1419 67 771 0 0 0 
133900 4973 3079 1617 1432 69 788 0 0 0 
134000 3953 2239 1021 1061 48 526 0 0 0 
134100 4786 2648 1170 1305 41 643 0 0 0 
134200 5112 2925 1497 1468 55 809 0 0 0 
134300 4220 2311 1121 1111 62 560 0 0 0 
134400 4224 2332 1048 1106 47 556 0 0 0 
134500 5771 3265 1698 1652 59 965 0 0 0 
134600 4145 2135 972 1077 23 525 0 0 0 
134700 4961 2730 1247 1290 26 635 0 0 0 
134800 5474 2885 1445 1515 26 809 0 0 0 
134900 4540 2466 1208 1226 19 625 0 0 0 
135000 4748 2491 1284 1318 11 698 0 0 0 
135100 5091 2648 1508 1397 10 798 0 0 0 
135200 4271 2104 1076 1117 11 594 0 0 0 
135300 4539 2314 1313 1208 17 726 0 0 0 
135400 4448 2300 1198 1181 14 629 0 0 0 
135500 4906 2545 1340 1323 26 714 0 0 0 
135600 4816 2563 1352 1341 2 767 0 0 0 
135700 4737 2526 1103 1304 37 611 0 0 0 
135800 4727 2609 1323 1366 6 738 0 0 0 
135900 4935 2764 1246 1435 63 684 0 0 0 
136000 4494 2579 1160 1267 41 625 0 0 0 
136100 5376 3103 1351 1548 77 701 0 0 0 
136200 4752 2750 1212 1369 52 644 0 0 0 
136300 5078 2784 1272 1473 90 708 0 0 0 
136400 5014 2784 1314 1414 45 691 0 0 0 
136500 4418 2431 1138 1129 34 547 0 0 0 
136600 4930 2723 1090 1343 43 531 0 0 0 
136700 4762 2680 1222 1197 26 538 0 0 0 
136800 4809 2688 1236 1230 30 545 3 0 0 
136900 4474 2419 1275 1108 40 560 2 0 0 
137000 4730 2502 1150 1199 34 504 0 0 0 
137100 4941 2754 1342 1352 50 630 3 0 0 
137200 4591 2455 1205 1198 30 574 3 0 0 
137300 4533 2393 1026 1132 38 519 4 0 0 
137400 4883 2811 1458 1224 17 604 1 0 0 
137500 4702 2675 1355 1310 51 618 9 0 0 
137600 4799 2672 1288 1222 46 561 4 0 0 
137700 5512 3037 1618 1418 34 715 1 0 0 
137800 4721 2554 1194 1144 54 441 0 0 0 
137900 4830 2528 1357 1167 44 606 15 0 0 
138000 4811 2542 1327 1280 67 650 7 0 0 
138100 4279 2359 1198 1167 9 536 1 0 0 
138200 4546 2504 1217 1336 71 546 0 0 0 
138300 4731 2741 1178 1404 87 635 55 0 0 
138400 5162 3100 1418 1554 82 624 26 0 0 
138500 4327 2526 1234 1177 19 549 6 0 0 
138600 5020 3059 1329 1582 88 666 10 0 0 
138700 4448 2921 1243 1429 108 670 58 0 0 
138800 4343 2722 1282 1453 90 626 16 0 0 
138900 4503 2809 1208 1368 41 595 5 0 0 
139000 4293 2658 1208 1317 73 632 18 0 0 
139100 4478 2775 1298 1464 114 669 51 0 0 
139200 4790 2763 1301 1421 61 665 25 0 0 
139300 4249 2680 1292 1300 18 598 9 0 0 
139400 4772 2995 1390 1557 104 697 41 0 0 
139500 4742 2921 1310 1650 125 801 55 0 0 
139600 4567 3036 1380 1511 68 701 34 0 0 
139700 4788 3114 1296 1563 51 655 16 0 0 
139800 4097 2394 1015 1270 71 556 24 0 0 
139900 5249 3306 1279 1843 157 704 48 0 0 
140000 4395 2673 1104 1376 111 620 43 0 0 
140100 4191 2485 1097 1076 53 447 17 0 0 
140200 4972 3096 1323 1571 122 666 38 0 0 
140300 4640 2911 1224 1367 128 557 34 0 0 
140400 4028 2652 1147 1205 42 523 22 0 0 
140500 5167 3338 1548 1527 33 644 15 0 0 
140600 4609 3095 1242 1583 155 687 77 0 0 
140700 4704 2939 1108 1625 182 649 79 0 0 
140800 4878 3200 1462 1629 75 737 32 0 0 
140900 4200 2771 1155 1439 34 538 11 0 0 
141000 4135 2693 1097 1500 176 632 80 0 0 
141100 4722 3003 1227 1824 203 792 76 0 0 
141200 4831 3136 1404 1598 102 651 39 0 0 
141300 3911 2556 1104 1348 89 561 48 0 0 
141400 4439 2654 984 1701 292 656 122 0 0 
141500 4963 3150 1232 2005 281 849 113 0 0 
141600 4697 3055 1118 1753 157 638 52 0 0 
141700 4118 2563 947 1714 196 725 94 0 0 
141800 5059 3299 1233 2199 396 910 142 0 0 
141900 4834 2855 1048 1943 277 768 112 0 0 
142000 3764 2279 825 1522 177 584 64 0 0 
142100 4512 2772 1044 1858 215 710 56 0 0 
142200 4420 2758 1049 1843 250 795 83 0 0 
142300 3592 2157 821 1381 236 494 66 0 0 
142400 4596 2755 1130 1953 398 802 150 0 0 
142500 4835 2919 1154 1974 381 792 112 0 0 
142600 3936 2296 834 1499 243 546 74 0 0 
142700 4127 2605 911 1743 281 640 74 0 0 
142800 5329 3464 1236 2596 466 1099 200 0 0 
142900 4498 2737 919 1889 385 622 115 0 0 
143000 3627 2397 840 1490 215 553 49 0 0 
143100 5961 3885 1437 2743 534 1151 169 0 0 
143200 4364 2731 814 1926 429 711 165 0 0 
143300 3751 2504 719 1553 287 491 55 0 0 
143400 4779 3252 1240 1986 196 669 31 0 0 
143500 4392 2939 1053 1919 302 673 92 0 0 
143600 3945 2586 812 1618 308 540 118 0 0 
143700 4829 3392 1265 1795 172 682 52 0 0 
143800 4491 3111 1123 1802 197 645 44 0 0 
143900 4044 2667 783 1718 359 615 105 0 0 
144000 4846 3323 1251 1983 252 809 90 0 0 
144100 4686 3158 1056 1935 189 686 30 0 0 
144200 3854 2519 774 1626 223 637 65 0 0 
144300 4921 3358 942 2551 486 845 154 0 0 
144400 4508 3051 954 2144 317 753 77 0 0 
144500 3996 2693 633 1780 264 454 43 0 0 
144600 4620 2989 669 2490 429 817 116 0 0 
144700 5128 3505 1002 2471 438 866 118 0 0 
144800 4173 2776 664 2004 296 583 33 0 0 
144900 3519 2447 634 1802 271 587 51 0 0 
145000 5241 3360 906 2656 487 842 110 0 0 
145100 3924 2606 725 1881 313 586 49 0 0 
145200 3855 2707 693 1965 359 463 33 0 0 
145300 5377 3557 1055 2688 511 821 109 0 0 
145400 4353 2841 895 2219 446 662 101 0 0 
145500 4160 2790 684 2178 473 506 44 0 0 
145600 4270 2886 842 2020 351 513 43 0 0 
145700 4301 2783 701 2515 601 666 80 0 0 
145800 3959 2688 739 1985 393 531 69 0 0 
145900 4429 3035 662 2473 505 495 44 0 0 
146000 4354 2844 816 2131 313 604 37 0 0 
146100 4690 3113 749 2789 548 739 92 0 0 
146200 3976 2648 762 2040 332 631 77 0 0 
146300 4349 3091 982 2314 415 641 33 0 0 
146400 4199 3002 761 2260 382 694 111 0 0 
146500 4238 2743 760 2558 579 801 152 0 0 
146600 4144 2641 859 2008 310 579 69 0 0 
146700 4286 2854 860 2219 395 561 64 0 0 
146800 4565 3094 1060 2306 356 752 84 0 0 
146900 4121 2657 886 2032 331 547 43 0 0 
147000 4034 2798 977 1932 278 597 69 0 0 
147100 4933 3437 1244 2543 436 859 118 0 0 
147200 4040 2632 871 2009 356 669 100 0 0 
147300 4235 2790 937 1994 264 564 35 0 0 
147400 4235 2734 944 2093 344 644 82 0 0 
147500 4106 2651 790 2175 433 674 121 0 0 
147600 3986 2692 936 2029 326 647 66 0 0 
147700 4487 3011 1024 2401 365 728 76 0 0 
147800 4065 2762 783 2249 420 719 148 0 0 
147900 3915 2468 724 2026 381 635 90 0 0 
148000 4209 2988 1059 2271 331 766 91 0 0 
148100 4453 2806 806 2513 540 845 183 0 0 
148200 4005 2410 768 2010 391 766 147 0 0 
148300 4410 2811 910 2251 416 731 126 0 0 
148400 4822 3034 1135 2313 414 926 141 0 0 
148500 4281 2602 777 2160 398 690 102 0 0 
148600 4272 2711 832 2223 331 814 97 0 0 
148700 5423 3509 1260 2785 590 1203 224 0 0 
148800 4433 2820 939 2431 462 932 145 0 0 
148900 3153 1884 469 1731 375 491 74 0 0 
149000 5326 3508 1185 2842 585 1153 184 0 0 
149100 4552 2856 948 2464 513 978 168 0 0 
149200 3223 1987 401 1925 406 526 111 0 0 
149300 4684 3019 1127 2381 439 985 145 0 0 
149400 4797 3120 1032 2796 635 1043 208 0 0 
149500 3527 2107 506 1999 495 609 159 0 0 
149600 4494 2821 1008 2475 589 846 134 0 0 
149700 4709 3187 998 2654 483 904 159 0 0 
149800 4427 2742 559 2720 693 732 194 0 0 
149900 4415 2757 813 2368 549 840 134 0 0 
150000 4501 3076 951 2608 553 891 143 0 0 
150100 4407 2703 675 2511 541 988 180 0 0 
150200 4534 2698 691 2599 716 909 228 0 0 
150300 3579 2058 514 2023 423 679 94 0 0 
150400 4154 2631 849 2221 397 719 93 0 0 
150500 4666 2753 811 2770 641 998 220 0 0 
150600 3901 2329 541 2318 612 723 175 0 0 
150700 4387 2920 997 2415 464 823 106 0 0 
150800 4213 2630 794 2403 518 871 163 0 0 
150900 4194 2905 770 2819 734 1048 271 0 0 
151000 4840 3169 1191 2715 502 1101 169 0 0 
151100 3804 2462 827 2271 412 788 66 0 0 
151200 3429 2316 626 2160 503 710 139 0 0 
151300 4529 2831 805 2853 727 1033 192 0 0 
151400 3667 2650 853 2324 390 813 118 0 0 
151500 3096 2172 520 2022 362 521 72 0 0 
151600 4819 3179 1011 2943 625 1288 252 0 0 
151700 3854 2522 667 2366 535 916 202 0 0 
151800 4210 2751 911 2335 418 852 110 0 0 
151900 4085 2593 919 2248 438 862 119 0 0 
152000 4066 2643 583 2590 635 918 212 0 0 
152100 5035 3172 1009 2756 556 1114 219 0 0 
152200 4358 2720 837 2238 410 790 86 0 0 
152300 3360 2161 496 1925 396 682 137 0 0 
152400 5184 3172 908 2938 671 1275 252 0 0 
152500 4594 2935 917 2587 493 1161 214 0 0 
152600 3466 2140 427 2130 458 723 93 0 0 
152700 3800 2331 580 2173 506 825 166 0 0 
152800 5491 3359 875 3398 861 1413 295 0 0 
152900 3573 2371 568 2182 458 776 123 0 0 
153000 3533 2268 571 2167 439 857 116 0 0 
153100 4760 2967 758 3032 740 1243 259 0 0 
153200 4064 2627 741 2499 563 1083 204 0 0 
153300 4284 2513 770 2467 569 965 152 0 0 
153400 4038 2448 665 2420 600 900 187 0 0 
153500 4701 2752 681 2912 772 1201 219 0 0 
153600 4040 2447 732 2409 566 1046 179 0 0 
153700 3774 2408 500 2520 608 928 151 0 0 
153800 4542 2800 743 2796 730 1269 319 0 0 
153900 5340 3226 874 3277 770 1241 245 0 0 
154000 3308 2118 517 2187 596 737 162 0 0 
154100 4313 2675 553 2662 661 896 175 0 0 
154200 5431 3320 850 3431 894 1326 295 0 0 
154300 3288 1991 395 2156 541 667 126 0 0 
154400 4138 2582 571 2482 529 804 166 0 0 
154500 4884 2997 709 3034 784 1007 245 0 0 
154600 4840 2822 523 3188 880 1190 333 0 0 
154700 3629 2140 407 2074 487 673 158 0 0 
154800 4046 2369 421 2441 615 850 230 0 0 
154900 4636 2802 439 3202 919 1057 340 0 0 
155000 4505 2683 536 3019 880 1114 315 0 0 
155100 3748 2171 347 2387 572 736 136 0 0 
155200 3586 2350 535 2211 364 826 128 0 0 
155300 5167 3061 545 3713 1129 1604 500 0 0 
155400 4016 2395 457 2665 656 1033 297 0 0 
155500 3531 2098 409 2286 537 859 184 0 0 
155600 4060 2456 505 2613 573 910 174 0 0 
155700 4595 2525 265 3392 1042 1266 397 0 0 
155800 3397 1901 295 2302 551 794 193 0 0 
155900 4220 2444 507 2735 536 962 196 0 0 
156000 4807 2658 407 3544 974 1389 362 0 0 
156100 4376 2186 235 3212 880 1402 393 0 0 
156200 3587 1974 410 2470 501 962 144 0 0 
156300 3542 1927 298 2477 468 1021 219 0 0 
156400 4913 2350 200 3687 1117 1428 475 0 0 
156500 3783 2238 245 2765 739 1223 294 0 0 
156600 3761 2049 291 2509 581 941 176 0 0 
156700 3543 2128 243 2575 673 1140 238 0 0 
156800 4777 2733 252 3591 1059 1465 388 0 0 
156900 3342 2014 209 2356 555 1071 208 0 0 
157000 3992 2290 337 2775 694 1089 246 0 0 
157100 4270 2491 187 3203 963 1410 439 0 0 
157200 4377 2594 265 3311 878 1466 387 0 0 
157300 3593 2031 269 2370 544 877 156 0 0 
157400 3390 1983 155 2390 543 1019 192 0 0 
157500 4783 2817 263 3599 1027 1566 443 0 0 
157600 4009 2410 276 3135 883 1462 351 0 0 
157700 3410 1906 123 2272 457 1090 171 1 0 
157800 4021 2466 197 3177 861 1423 346 0 0 
157900 4623 2752 302 3367 926 1672 406 0 0 
158000 3707 2089 148 2540 598 1109 218 0 0 
158100 3439 2112 198 2302 474 1093 198 0 0 
158200 4816 2802 216 3660 1145 1672 490 0 0 
158300 4497 2733 173 3556 1035 1786 450 0 0 
158400 3312 1986 156 2481 652 1093 195 0 0 
158500 3060 1885 156 2298 539 1036 162 0 0 
158600 4417 2695 123 3628 1271 1577 509 0 0 
158700 3717 2095 99 2876 932 1216 349 0 0 
158800 3434 1905 110 2305 585 1043 226 0 0 
158900 3794 2096 89 2991 904 1380 347 0 0 
159000 4943 2745 141 3948 1291 1798 528 0 0 
159100 3999 2102 75 2939 799 1328 307 0 0 
159200 3074 1641 110 2193 580 1046 235 0 0 
159300 4397 2733 83 3804 1276 1699 498 0 0 
159400 3845 2318 113 3268 1165 1491 517 0 0 
159500 3584 2279 195 2734 704 1247 236 0 0 
159600 2556 1594 105 2134 608 853 217 0 0 
159700 4405 2959 135 3880 1161 1876 484 0 0 
159800 3397 2115 139 2752 857 1252 355 0 0 
159900 3109 1887 67 2232 638 890 209 0 0 
160000 3392 2331 132 2744 784 1312 350 0 0 
160100 4303 2597 134 3706 1262 1522 512 0 0 
160200 3716 2064 73 3047 892 1318 375 0 0 
160300 3372 1859 168 2537 729 969 302 0 0 
160400 4028 2346 130 3353 1079 1435 427 0 0 
160500 4070 2265 109 3511 1218 1385 493 0 0 
160600 3792 1988 115 2977 938 1191 362 0 0 
160700 3437 1979 99 3119 988 1114 361 0 0 
160800 4027 2289 87 3566 1278 1396 545 0 0 
160900 3637 2115 89 2924 981 1237 363 0 0 
161000 3392 1883 63 2748 922 1049 352 0 0 
161100 3536 2115 64 3116 1005 1243 392 0 0 
161200 3935 2257 129 3148 1063 1278 425 0 0 
161300 3836 2153 90 3009 902 1133 300 0 0 
161400 3551 2005 107 2945 963 1154 349 0 0 
161500 4350 2558 83 3577 1104 1508 396 0 0 
161600 3900 2124 77 3096 1056 1189 333 0 0 
161700 3754 2098 130 2905 920 1193 322 0 0 
161800 4137 2410 91 3353 1083 1326 402 0 0 
161900 4171 2422 151 3466 1094 1544 434 0 0 
162000 3908 2188 101 2865 806 1194 237 0 0 
162100 3497 1987 56 2692 791 1014 226 0 0 
162200 4376 2596 102 3668 1089 1693 416 0 0 
162300 3324 1867 33 2745 960 1110 346 0 0 
162400 3740 2155 102 2936 767 1256 293 0 0 
162500 3371 2022 56 2952 947 1110 332 0 0 
162600 4336 2534 147 3560 1204 1591 476 0 0 
162700 3447 1931 115 2676 893 1038 300 0 0 
162800 3408 2021 85 2691 691 1003 215 0 0 
162900 3795 2401 118 3347 1011 1521 446 0 0 
163000 4450 2673 92 3778 1160 1628 499 0 0 
163100 3139 1882 67 2373 628 982 203 0 0 
163200 3298 2244 138 2787 684 1289 266 0 0 
163300 3578 2171 36 3143 1011 1491 445 0 0 
163400 3677 2272 111 3037 912 1449 400 0 0 
163500 3403 2000 114 2720 809 999 259 0 0 
163600 2793 2014 70 2750 856 1228 342 0 0 
163700 4291 2530 94 3492 1127 1416 439 0 0 
163800 3252 1920 25 2696 873 1095 320 0 0 
163900 3257 2035 32 2676 700 1094 266 0 0 
164000 3668 2377 59 3329 1123 1407 413 0 0 
164100 3502 2282 57 2897 835 1368 343 0 0 
164200 3149 2011 66 2709 832 1125 269 0 0 
164300 3484 2294 66 3197 965 1377 397 0 0 
164400 3235 2194 90 2973 919 1232 303 0 0 
164500 3300 2322 133 2769 703 1238 272 0 0 
164600 3412 2420 92 3044 904 1402 390 0 0 
164700 3182 2053 56 3080 924 1324 344 0 0 
164800 3293 2110 105 2745 791 1283 347 0 0 
164900 3464 1950 84 2865 859 1215 354 0 0 
165000 3575 2275 81 3216 1040 1494 428 0 0 
165100 2909 1836 98 2517 710 938 224 0 0 
165200 3757 2275 61 2946 847 1160 263 0 0 
165300 3616 2028 58 3052 994 1182 351 0 0 
165400 3351 2022 51 3137 1077 1095 363 0 0 
165500 3001 1691 28 2536 878 862 312 0 0 
165600 4364 2430 16 3684 1331 1135 384 0 0 
165700 3281 2087 12 3218 1236 1214 456 0 0 
165800 3072 1966 19 2947 1044 943 301 0 0 
165900 3202 2048 20 3028 964 1120 314 0 0 
166000 3439 2191 52 3253 1071 1175 366 0 0 
166100 3445 2622 23 3501 1005 1474 386 0 0 
166200 3025 2082 14 2764 780 872 219 0 0 
166300 3617 2530 12 3597 1230 1442 469 0 0 
166400 3717 2806 13 3897 1218 1751 525 0 0 
166500 2790 2078 10 2690 851 981 264 0 0 
166600 3723 2535 16 3230 984 1348 330 0 0 
166700 3053 2252 12 2994 963 1284 402 0 0 
166800 3476 2784 12 3475 1102 1498 492 0 0 
166900 2446 1958 13 2503 795 1070 287 0 0 
167000 3203 2419 59 2962 967 1442 444 0 0 
167100 3423 2629 52 3521 1241 1699 545 0 0 
167200 2726 2152 61 2902 980 1329 405 0 0 
167300 2212 1747 88 2176 699 858 222 0 0 
167400 3327 2517 78 3473 1159 1429 506 0 0 
167500 3101 2427 91 3463 1163 1617 590 0 0 
167600 2539 1902 62 2843 937 1070 358 0 0 
167700 2733 2113 102 3043 1015 1250 412 0 0 
167800 3698 2784 86 3831 1415 1615 552 0 0 
167900 2942 2322 74 3298 1126 1343 440 0 0 
168000 2340 1973 7 2648 827 1091 330 0 0 
168100 2800 2289 82 3033 954 1256 358 0 0 
168200 3190 2428 13 3524 1161 1646 510 0 0 
168300 2652 2195 46 2924 907 1137 318 0 0 
168400 2550 1998 44 2679 826 1249 360 0 0 
168500 3314 2532 41 3575 1307 1781 668 0 0 
168600 2483 2049 26 2821 964 1332 424 0 0 
168700 2350 2061 32 2696 945 1047 339 0 0 
168800 2536 2023 93 2544 878 1234 405 0 0 
168900 3216 2498 75 3251 1150 1575 562 0 0 
169000 2420 2068 134 2701 908 1201 317 0 0 
169100 2229 1954 74 2517 775 1283 375 0 0 
169200 3336 2544 112 3341 1110 1673 500 0 0 
169300 2619 1964 78 2719 900 1301 421 0 0 
169400 3175 2539 33 3456 1046 1739 500 0 0 
169500 2498 1922 23 2582 804 1359 435 0 0 
169600 2967 2437 68 3160 1020 1650 502 0 0 
169700 2312 1826 53 2362 789 1178 376 0 0 
169800 2649 2308 84 3066 941 1672 470 0 0 
169900 2990 2325 111 3212 1034 1840 643 0 0 
170000 3428 2672 135 3544 1161 1821 565 0 0 
170100 2434 1926 63 2651 886 1323 417 0 0 
170200 2259 2058 81 2511 786 1221 310 0 0 
170300 2781 2144 65 2767 914 1516 432 0 0 
170400 3185 2388 33 3146 1131 1560 528 0 0 
170500 2744 2082 54 2692 921 1240 412 0 0 
170600 2561 2142 67 2584 879 1353 424 0 0 
170700 2762 2167 99 2663 842 1273 390 0 0 
170800 3165 2323 54 3091 1207 1612 599 0 0 
170900 3197 2291 53 2752 918 1395 410 0 0 
171000 2627 2107 71 2573 881 1279 400 0 0 
171100 2750 2012 50 2652 962 1279 368 0 0 
171200 2755 2021 44 2744 939 1175 359 0 0 
171300 3422 2255 18 3143 1170 1395 479 0 0 
171400 2987 2258 54 2902 997 1388 450 0 0 
171500 2948 2016 16 2819 1050 1212 388 0 0 
171600 2850 2069 43 2761 847 1221 325 0 0 
171700 3104 1927 6 2849 994 1244 438 0 0 
171800 3149 2199 59 3164 1139 1504 522 0 0 
171900 2893 1883 2 2588 889 1050 363 0 0 
172000 2846 2041 45 3012 1144 1301 520 0 0 
172100 2691 1780 5 2516 915 1189 404 0 0 
172200 2847 2065 67 2863 1073 1405 501 0 0 
172300 3243 2209 22 3065 1118 1376 473 0 0 
172400 2912 2021 25 2853 1040 1213 430 0 0 
172500 2907 2061 42 2949 990 1306 430 0 0 
172600 2506 1840 73 2607 945 1028 364 0 0 
172700 2917 2122 80 2949 1075 1452 536 0 0 
172800 3099 2159 103 2928 1004 1222 432 0 0 
172900 3405 2398 82 3335 1106 1403 434 0 0 
173000 2531 2009 91 2519 746 1129 350 0 0 
173100 2565 1830 75 2434 793 889 263 0 0 
173200 3669 2410 62 3110 1091 1420 515 0 0 
173300 3931 2590 31 3644 1367 1581 566 0 0 
173400 2528 1690 54 2258 772 964 317 0 0 
173500 2554 2023 66 2594 885 976 316 0 0 
173600 3285 2367 90 2934 1082 1192 420 0 0 
173700 3702 2504 80 3440 1328 1461 548 0 0 
173800 3284 2427 68 3227 1153 1339 441 0 0 
173900 2757 2006 61 2773 1042 1054 372 0 0 
174000 2756 1884 8 2547 903 902 285 0 0 
174100 3218 2345 68 2948 1045 1263 383 0 0 
174200 3300 2257 34 2868 1038 1151 421 0 0 
174300 3197 2160 48 2934 1090 1230 381 0 0 
174400 2683 2106 51 2688 824 985 234 0 0 
174500 2294 1803 73 2574 879 948 314 0 0 
174600 3162 2258 58 2914 1001 1413 451 0 0 
174700 3186 2303 80 3018 1088 1367 533 0 0 
174800 2964 2387 98 2912 973 1292 411 0 0 
174900 2569 1819 29 2520 968 1127 408 0 0 
175000 2666 1978 40 2540 829 1082 348 0 0 
175100 3406 2063 13 2915 1129 1370 562 0 0 
175200 3787 2564 46 3164 1192 1532 572 0 0 
175300 3229 2016 44 2647 1035 1298 531 0 0 
175400 2781 1706 50 2287 843 938 312 0 0 
175500 3286 2079 24 2787 1078 1329 487 0 0 
175600 4061 2336 6 3323 1351 1739 703 0 0 
175700 3798 2202 54 3006 1210 1408 594 0 0 
175800 2736 1599 24 2066 749 939 333 0 0 
175900 3178 1955 73 2723 1021 1318 466 0 0 
176000 3348 2158 93 2814 962 1416 475 0 0 
176100 3759 2206 90 2747 1033 1315 477 0 0 
176200 3141 2070 107 2649 948 1191 447 0 0 
176300 3649 2414 152 3214 1128 1637 594 0 0 
176400 2992 1995 143 2457 832 1110 412 0 0 
176500 3350 2095 142 2491 821 1238 414 0 0 
176600 4101 2601 116 3087 1054 1421 516 0 0 
176700 3850 2414 152 3035 1113 1429 591 0 0 
176800 2867 1961 105 1966 629 765 265 0 0 
176900 3274 2077 108 2348 784 944 329 0 0 
177000 3958 2493 96 3062 1143 1624 667 0 0 
177100 4027 2565 107 3057 1050 1423 504 0 0 
177200 2919 1966 98 2305 749 927 329 0 0 
177300 3250 2198 143 2787 1013 1242 455 0 0 
177400 3172 2145 89 2595 889 1154 416 0 0 
177500 3586 2317 57 2682 955 1262 450 0 0 
177600 3863 2512 86 3055 1142 1472 620 0 0 
177700 3077 2111 53 2764 1005 1092 447 0 0 
177800 2721 1910 32 2390 818 993 352 0 0 
177900 3061 2013 40 2371 790 1063 410 0 0 
178000 4242 2876 79 3734 1411 1893 687 0 0 
178100 3350 2115 7 2790 1024 1325 525 0 0 
178200 3090 1908 83 2241 724 868 285 0 0 
178300 2939 1894 38 2376 855 1029 384 0 0 
178400 3655 2235 89 2703 892 1197 420 0 0 
178500 4577 2723 181 3170 1125 1518 559 0 0 
178600 3558 2161 86 2428 829 998 368 0 0 
178700 3451 2192 157 2760 914 1095 383 0 0 
178800 3147 2031 211 2151 637 974 290 0 0 
178900 3535 2137 82 2588 913 1114 400 0 0 
179000 4135 2421 278 2688 803 1361 415 0 0 
179100 3899 2327 272 2542 829 1293 403 0 0 
179200 3505 2124 102 2359 694 1108 316 0 0 
179300 3416 2006 184 2213 664 960 255 0 0 
179400 3744 2336 171 2391 658 1289 344 0 0 
179500 4000 2277 221 2304 734 1400 450 0 0 
179600 4136 2534 305 2622 822 1335 393 0 0 
179700 3211 1972 169 2124 699 1051 324 0 0 
179800 3279 1829 297 1756 438 884 199 0 0 
179900 4359 2421 381 2374 700 1303 327 0 0 
180000 4364 2463 170 2780 982 1579 604 0 0 
180100 4069 2339 369 2376 686 1231 304 0 0 
180200 3118 1647 253 1690 496 724 193 0 0 
180300 3235 1743 173 1754 540 819 242 0 0 
180400 3937 2195 216 2394 870 1294 509 0 0 
180500 4944 2647 203 2922 1168 1487 611 0 0 
180600 3697 1968 147 2201 705 1065 355 0 0 
180700 3031 1710 105 1729 588 657 203 0 0 
180800 3617 1950 165 2207 807 1049 384 0 0 
180900 4457 2239 153 2776 1078 1380 547 0 0 
181000 3898 2064 116 2371 890 1281 471 0 0 
181100 3288 1873 67 1903 658 924 280 0 0 
181200 3475 1907 51 2134 770 970 348 0 0 
181300 3851 2120 96 2780 1076 1411 545 0 0 
181400 3601 1933 71 2424 948 1211 518 0 0 
181500 3483 1858 42 2140 845 1178 452 0 0 
181600 3951 1977 109 2399 974 1173 473 0 0 
181700 3309 1850 123 2533 956 1181 428 0 0 
181800 3367 1751 47 2270 898 1021 397 0 0 
181900 3589 1902 124 2270 859 1110 383 0 0 
182000 4599 2259 138 2952 1257 1517 668 0 0 
182100 3609 1919 75 2414 989 1203 516 0 0 
182200 3607 2135 88 2925 1132 1305 511 0 0 
182300 3067 1771 159 2407 837 1213 419 0 0 
182400 3620 1774 54 2528 863 1343 434 0 0 
182500 2944 1680 57 2207 786 1135 396 0 0 
182600 3922 2282 117 2993 1059 1601 558 0 0 
182700 2912 1683 95 2511 854 1413 465 0 0 
182800 3399 1843 51 2429 785 1260 365 0 0 
182900 2992 1787 156 2102 636 1164 331 0 0 
183000 4066 2194 156 3070 1084 1677 538 0 0 
183100 3398 1799 85 2705 988 1418 462 0 0 
183200 3385 1845 197 2244 692 1077 299 0 0 
183300 3212 1705 126 2295 747 1111 318 0 0 
183400 3384 1691 91 2458 838 1263 391 0 0 
183500 4022 2083 125 2883 1026 1523 559 0 0 
183600 3299 1686 118 2358 834 1197 442 0 0 
183700 3335 1674 92 2305 761 1082 350 0 0 
183800 3430 1691 59 2474 926 1393 504 0 0 
183900 3883 2119 78 3113 1064 1574 547 0 0 
184000 3697 2011 119 2683 910 1343 482 0 0 
184100 3554 1692 90 2468 905 1258 488 0 0 
184200 3491 1819 78 2727 950 1145 434 0 0 
184300 3810 1972 141 2981 1043 1459 506 0 0 
184400 3315 1714 54 2597 1056 1076 471 0 0 
184500 3616 1689 119 2659 986 1305 505 0 0 
184600 3936 1961 127 2768 1010 1219 433 0 0 
184700 3264 1692 72 2588 934 1270 473 0 0 
184800 3800 2022 115 3110 1189 1418 568 0 0 
184900 3560 1846 167 2700 939 1300 416 0 0 
185000 3048 1474 89 2110 723 979 351 0 0 
185100 3386 1884 143 2803 1058 1258 449 0 0 
185200 3696 2179 156 2980 1102 1383 447 0 0 
185300 3676 1882 122 2787 1073 1175 455 0 0 
185400 2898 1481 110 2154 696 851 282 0 0 
185500 3266 1972 142 2752 967 1004 349 0 0 
185600 3724 2074 94 3152 1261 1453 595 0 0 
185700 3722 2012 156 2949 1175 1249 531 0 0 
185800 3249 1748 173 2450 946 1023 375 0 0 
185900 3557 2356 191 3148 1112 1377 454 0 0 
186000 3402 1901 194 2556 863 1143 391 0 0 
186100 3614 2110 286 2542 851 1080 317 0 0 
186200 3705 2123 171 2712 971 1231 443 0 0 
186300 3345 1976 163 2690 1029 1345 519 0 0 
186400 3497 1823 224 2666 955 1228 419 0 0 
186500 2727 1595 130 2110 691 951 285 0 0 
186600 3009 1785 108 2413 875 1116 451 0 0 
186700 5170 2886 178 3965 1457 2192 844 0 0 
186800 3654 2174 234 2763 968 1358 505 0 0 
186900 2776 1727 155 2375 790 1100 358 0 0 
187000 2995 1763 169 2327 768 1074 319 0 0 
187100 3267 1977 129 2667 956 1316 473 0 0 
187200 3969 2444 156 2988 1051 1643 548 0 0 
187300 3765 2320 157 2988 1074 1580 596 0 0 
187400 3354 2194 138 2798 977 1347 440 0 0 
187500 2952 1948 155 2244 712 1088 353 0 0 
187600 3498 2226 225 2728 1033 1438 521 0 0 
187700 4266 2441 54 3171 1265 1484 642 0 0 
187800 3462 2002 161 2406 954 1183 477 0 0 
187900 2904 1882 110 2592 993 1230 519 0 0 
188000 3234 2091 155 2641 1027 1127 442 0 0 
188100 3236 2138 111 2554 975 1343 517 0 0 
188200 3527 2240 140 2476 910 1283 484 0 0 
188300 3796 2362 111 3001 1233 1476 630 0 0 
188400 2939 1919 154 2382 860 995 366 0 0 
188500 2966 1897 94 2155 750 860 284 0 0 
188600 3560 2341 103 3155 1131 1444 526 0 0 
188700 3577 2270 91 2881 1044 1293 500 0 0 
188800 3137 1945 117 2592 892 1126 426 0 0 
188900 3133 1978 89 2549 860 1168 367 0 0 
189000 2961 1749 87 2277 793 917 316 0 0 
189100 3660 2143 74 2679 897 1214 417 0 0 
189200 3623 2182 72 2658 949 1409 489 0 0 
189300 3878 2349 138 2813 1010 1477 488 0 0 
189400 3229 2030 73 2366 870 1084 402 0 0 
189500 3062 1868 81 2165 725 1051 342 0 0 
189600 3978 2380 54 3005 1232 1499 598 0 0 
189700 4032 2266 56 2906 1151 1453 648 0 0 
189800 3712 2125 27 2908 1062 1277 503 0 0 
189900 3186 1861 23 2532 988 1059 444 0 0 
190000 3043 1980 3 2493 996 1193 499 0 0 
190100 3452 2035 56 2663 1168 1369 641 0 0 
190200 3475 2170 39 2630 968 1363 547 0 0 
190300 3564 2145 38 2722 1052 1506 573 0 0 
190400 2981 1921 31 2259 814 1131 400 0 0 
190500 3108 2159 40 2793 965 1533 535 0 0 
190600 3002 2041 20 2776 1087 1529 604 0 0 
190700 3277 2060 16 2406 921 1301 497 0 0 
190800 2766 1796 50 2344 943 1422 579 0 0 
190900 2427 1781 19 2344 848 1266 426 0 0 
191000 3529 2217 37 2984 1121 1792 670 0 0 
191100 3163 2014 21 2509 895 1483 551 0 0 
191200 3288 2057 87 2351 862 1206 487 0 0 
191300 2991 2145 125 2615 968 1402 530 0 0 
191400 2871 1956 61 2123 768 1030 384 0 0 
191500 3266 2138 89 2308 796 1119 420 0 0 
191600 3231 2302 53 2525 918 1299 452 0 0 
191700 2854 2167 115 2254 695 953 304 0 0 
191800 3235 2224 92 2619 899 1082 372 0 0 
191900 2693 1836 58 2084 685 1035 372 0 0 
192000 3983 2539 116 3206 1136 1549 564 0 0 
192100 2897 1862 83 2284 750 1113 401 0 0 
192200 2553 1701 43 2146 698 876 286 0 0 
192300 2919 1964 86 2618 918 1212 456 0 0 
192400 3331 2197 97 2703 975 1222 466 0 0 
192500 3536 2034 44 2615 1044 1418 596 0 0 
192600 2994 1995 49 2568 938 1407 555 0 0 
192700 3251 2032 74 2716 1050 1311 539 0 0 
192800 2740 1829 28 2301 899 1212 501 0 0 
192900 3666 2152 53 2461 913 1233 470 0 0 
193000 4039 2497 107 2966 1200 1787 746 0 0 
193100 3853 2236 25 2852 1152 1529 670 0 0 
193200 2766 1648 53 2005 785 1048 452 0 0 
193300 2332 1496 66 1772 628 792 299 0 0 
193400 3627 2191 53 2691 1100 1437 608 0 0 
193500 4067 2539 79 3104 1378 1786 785 0 0 
193600 3511 1962 64 2349 975 1321 588 0 0 
193700 2667 1595 97 1746 628 809 316 0 0 
193800 2636 1747 175 1907 677 969 323 0 0 
193900 4272 2592 128 2920 1206 1657 692 0 0 
194000 4054 2402 109 2809 1100 1647 676 0 0 
194100 3445 2075 139 2363 862 1056 398 0 0 
194200 3464 2225 105 2736 1000 1558 571 0 0 
194300 3220 2127 119 2581 918 1365 450 0 0 
194400 3025 1790 37 2020 727 1026 374 0 0 
194500 3622 2276 100 2562 852 1555 506 0 0 
194600 3311 2221 65 2553 986 1342 545 0 0 
194700 3585 2361 133 2554 858 1308 439 0 0 
194800 2823 1820 54 1954 670 997 315 0 0 
194900 3194 2135 125 2262 687 1143 345 0 0 
195000 3459 2171 146 2613 1024 1308 503 0 0 
195100 3449 2124 103 2452 942 1232 494 0 0 
195200 3617 2337 189 2659 946 1293 431 0 0 
195300 3090 2115 189 2404 768 1075 334 0 0 
195400 3403 2308 190 2639 843 1413 453 0 0 
195500 3326 2055 125 2428 800 1128 388 0 0 
195600 3361 2137 163 2680 810 1244 404 0 0 
195700 3039 1964 114 2314 756 1097 357 0 0 
195800 3669 2303 211 2809 926 1475 499 0 0 
195900 3489 2180 140 2695 850 1428 505 0 0 
196000 3436 2248 127 2665 930 1319 454 0 0 
196100 3305 1948 143 2367 786 1247 466 0 0 
196200 3254 2278 123 2486 699 1265 372 0 0 
196300 3396 2281 149 2761 884 1344 442 0 0 
196400 3625 2381 71 2705 902 1395 484 0 0 
196500 3632 2457 160 2926 904 1437 473 0 0 
196600 2641 1794 145 2126 559 1023 290 0 0 
196700 3057 2025 70 2355 730 1251 400 0 0 
196800 3514 2202 175 2645 867 1330 458 0 0 
196900 3551 2098 106 2593 795 1353 465 0 0 
197000 2975 1926 84 2394 745 1165 349 0 0 
197100 2620 1703 102 2110 686 1002 331 0 0 
197200 3624 2341 124 2736 848 1438 429 0 0 
197300 2968 1966 142 2499 810 1366 443 0 0 
197400 3552 2341 163 2872 901 1414 452 0 0 
197500 3642 2477 283 3062 924 1410 477 0 0 
197600 3131 1990 141 2525 788 1235 369 0 0 
197700 3005 2111 191 2481 723 1119 314 0 0 
197800 3510 2179 282 2839 833 1313 416 0 0 
197900 3409 2086 142 2789 818 1286 337 0 0 
198000 3029 2112 125 2747 868 1321 436 0 0 
198100 2861 2044 241 2520 658 1196 340 0 0 
198200 3804 2620 187 3180 910 1477 405 0 0 
198300 2501 1741 77 2156 715 1064 351 0 0 
198400 3473 2538 257 3035 834 1394 399 0 0 
198500 3042 2159 147 2810 893 1355 456 0 0 
198600 2443 1704 130 2124 683 963 307 0 0 
198700 2561 1960 139 2158 577 1084 291 0 0 
198800 3444 2228 140 2866 957 1421 532 0 0 
198900 3300 2361 137 3068 1049 1563 568 0 0 
199000 2906 2103 80 2533 786 1233 400 0 0 
199100 2974 2001 143 2545 758 1226 382 0 0 
199200 3283 2302 121 3011 1008 1363 470 0 0 
199300 2946 2255 62 2916 1015 1368 524 0 0 
199400 2958 2244 113 2832 893 1217 388 0 0 
199500 3003 2065 118 2772 890 1070 350 0 0 
199600 2649 1878 60 2572 903 1081 396 0 0 
199700 3359 2351 137 3023 1082 1427 507 0 0 
199800 3412 2203 117 3135 1136 1332 514 0 0 
199900 2892 2053 90 2797 1033 1121 418 0 0 
200000 2640 1815 102 2491 881 1035 323 0 0 
200100 3316 2369 95 3630 1411 1590 626 0 0 
200200 3113 2276 109 3165 1190 1516 587 0 0 
200300 2793 1991 133 2919 1133 1474 585 0 0 
200400 3479 2367 81 3497 1373 1514 630 0 0 
200500 3264 2354 164 3653 1500 1642 660 0 0 
200600 3577 2628 188 3300 1333 1899 804 0 0 
200700 3713 2486 122 3950 1657 2153 940 0 0 
200800 3876 2348 166 3794 1602 1724 752 0 0 
200900 2758 2043 168 2840 1110 1397 530 0 0 
201000 3327 2142 187 3421 1448 1805 787 0 0 
