# Sat Feb 18 01:08:21 2017
#  1: Update
#  2: Unique Phenotypes (by task done)
#  3: Shannon Diversity of Phenotypes (by task done)
#  4: Unique Phenotypes (by task count)
#  5: Average Phenotype Shannon Diversity (by task count)
#  6: Average Task Diversity (number of different tasks)

0 1 0 1 0 0 
100 1 0 1 0 1 
200 1 0 1 0 1 
300 1 0 1 0 1 
400 1 0 1 0 1 
500 1 0 1 0 1 
600 1 0 1 0 1 
700 2 0.208415 2 0 0.967165 
800 2 0.135795 2 0 0.980999 
900 2 0.135912 2 0 0.980978 
1000 2 0.135912 2 0 0.980978 
1100 2 0.135912 2 0 0.980978 
1200 2 0.135912 2 0 0.980978 
1300 2 0.22078 2 0 0.964602 
1400 2 0.308585 2 0 0.944679 
1500 2 0.299827 2 0 0.946803 
1600 2 0.299926 2 0 0.946779 
1700 2 0.299926 2 0 0.946779 
1800 2 0.299926 2 0 0.946779 
1900 2 0.30102 2 0 0.946515 
2000 2 0.614006 2 0 0.848329 
2100 2 0.306585 2 0 0.945166 
2200 2 0.301612 2 0 0.946372 
2300 2 0.30117 2 0 0.946479 
2400 2 0.30117 2 0 0.946479 
2500 2 0.304556 2 0 0.94566 
2600 2 0.362187 2 0 0.930998 
2700 2 0.456963 2 0 0.90376 
2800 2 0.358375 2 0 0.932011 
2900 2 0.357662 2 0 0.932199 
3000 2 0.358765 2 0 0.931908 
3100 2 0.361765 2 0 0.931111 
3200 2 0.362202 2 0 0.930994 
3300 2 0.505681 2 0 0.88808 
3400 2 0.275333 2 0 0.95258 
3500 2 0.274157 2 0 0.952852 
3600 2 0.274157 2 0 0.952852 
3700 2 0.271576 2 0 0.953445 
3800 2 0.273229 2 0 0.953066 
3900 2 0.294469 2 0 0.948087 
4000 2 0.367356 2 0 0.929616 
4100 2 0.27374 2 0 0.952948 
4200 2 0.27902 2 0 0.951726 
4300 2 0.281158 2 0 0.951228 
4400 2 0.282475 2 0 0.95092 
4500 2 0.282532 2 0 0.950907 
4600 2 0.361313 2 0 0.931231 
4700 3 0.349022 3 0 0.940267 
4800 3 0.30732 3 0 0.951668 
4900 3 0.306278 3 0 0.951933 
5000 3 0.312717 3 0 0.950525 
5100 3 0.309503 3 0 0.951248 
5200 3 0.316254 3 0 0.94973 
5300 3 0.442558 3 0 0.920771 
5400 3 0.356838 3 0 0.940368 
5500 3 0.344805 3 0 0.94268 
5600 3 0.345803 3 0 0.942456 
5700 3 0.348975 3 0 0.941708 
5800 3 0.359353 3 0 0.939082 
5900 3 0.446815 3 0 0.918089 
6000 3 0.428048 3 0 0.919523 
6100 3 0.379955 3 0 0.933798 
6200 3 0.376557 3 0 0.934659 
6300 3 0.373477 3 0 0.935461 
6400 3 0.374494 3 0 0.9352 
6500 3 0.366203 3 0 0.937755 
6600 3 0.46187 3 0.00153286 0.908795 
6700 3 0.382248 3 0 0.94039 
6800 3 0.382659 3 0 0.939394 
6900 3 0.382693 3 0 0.939387 
7000 3 0.387685 3 0 0.938276 
7100 3 0.386095 3 0 0.939011 
7200 3 0.383052 3 0 0.935437 
7300 3 0.344776 3 0 0.947564 
7400 3 0.264256 3 0 0.96661 
7500 3 0.263956 3 0 0.966659 
7600 3 0.280777 3 0 0.963235 
7700 3 0.289039 3 0 0.961727 
7800 3 0.299686 3 0 0.959755 
7900 4 0.398618 4 0.00153757 0.931578 
8000 4 0.42249 4 0.00336564 0.947765 
8100 4 0.401048 4 0.0030581 0.950581 
8200 3 0.374635 3 0 0.946938 
8300 4 0.438375 4 0.0061297 0.950349 
8400 4 0.447911 4 0.0061237 0.947949 
8500 4 0.503324 4 0.00708516 0.938784 
8600 4 0.577425 4 0.00412726 0.919518 
8700 4 0.539471 4 0.00611845 0.938693 
8800 4 0.548945 4 0.0062282 0.936971 
8900 4 0.561883 4 0.00625078 0.933617 
9000 4 0.587548 4 0.0121389 0.94234 
9100 4 0.589545 4 0.0127616 0.94487 
9200 4 0.671597 4 0.0190042 0.924363 
9300 4 0.530005 4 0.00747321 0.94938 
9400 4 0.528709 4 0.018162 0.972031 
9500 4 0.536696 4 0.0181028 0.969949 
9600 4 0.541996 4 0.0157248 0.962521 
9700 4 0.60385 4 0.0259459 0.971652 
9800 4 0.559587 4 0.0245201 0.968194 
9900 4 0.582476 4 0.0253293 0.969267 
10000 4 0.360958 4 0.00419154 0.967992 
10100 4 0.442615 4 0.0206417 0.988087 
10200 4 0.426993 4 0.0177117 0.985004 
10300 4 0.408318 4 0.0150877 0.982924 
10400 4 0.454233 4 0.0196953 0.984392 
10500 4 0.521368 4 0.0284923 0.980625 
10600 4 0.587503 4 0.0245339 0.976447 
10700 4 0.504409 4 0.0114859 0.961673 
10800 4 0.610175 4 0.0327248 0.983925 
10900 4 0.601312 4 0.0328154 0.986433 
11000 4 0.608971 4 0.0314443 0.982425 
11100 4 0.608849 4 0.0300418 0.977907 
11200 4 0.704567 4 0.0419322 0.984737 
11300 4 0.579859 4 0.0270051 0.986767 
11400 4 0.505142 4 0.0143281 0.972826 
11500 4 0.596854 4 0.0349225 0.996186 
11600 4 0.610975 4 0.0364742 0.996717 
11700 4 0.639326 4 0.0349333 0.9896 
11800 4 0.579759 4 0.03826 0.993332 
11900 4 0.697595 4 0.0479386 1.00751 
12000 4 0.584918 4 0.0258264 0.985666 
12100 4 0.658304 4 0.0411096 1.00337 
12200 4 0.749544 4 0.0630199 1.02521 
12300 4 0.783419 4 0.0663306 1.02534 
12400 4 0.740449 4 0.0585393 1.01809 
12500 4 0.761904 4 0.0580502 1.02202 
12600 4 0.836723 4 0.0694708 1.03704 
12700 4 0.720414 4 0.0434783 1.01247 
12800 4 0.807446 4 0.0630424 1.03206 
12900 4 0.873225 4 0.0831178 1.05147 
13000 4 0.879754 4 0.0823266 1.0492 
13100 4 0.924957 4 0.0929767 1.04391 
13200 4 0.885174 4 0.0646743 1.0072 
13300 4 0.87708 4 0.0750217 1.03416 
13400 4 0.81446 4 0.0637339 1.02376 
13500 4 0.898034 4 0.0870541 1.04536 
13600 4 0.918807 4 0.0943559 1.0499 
13700 4 1.04824 4 0.133378 1.0869 
13800 4 0.965317 4 0.125188 1.06958 
13900 4 0.872635 4 0.0840714 1.03993 
14000 5 0.955769 5 0.130138 1.09879 
14100 5 0.908373 5 0.107672 1.07317 
14200 5 0.997304 5 0.137874 1.10096 
14300 5 1.08501 5 0.139219 1.09051 
14400 5 1.17259 5 0.193257 1.14713 
14500 5 1.3357 5 0.192556 1.13733 
14600 5 1.14307 6 0.126699 1.0794 
14700 5 1.21472 5 0.182914 1.14215 
14800 5 1.20441 5 0.165749 1.12197 
14900 5 1.26838 5 0.195588 1.15377 
15000 5 1.24503 5 0.168625 1.12686 
15100 5 1.26298 5 0.211786 1.16982 
15200 5 1.29325 5 0.168377 1.11553 
15300 5 1.23393 6 0.144081 1.09192 
15400 5 1.2572 6 0.158302 1.11065 
15500 5 1.25296 6 0.161974 1.11671 
15600 5 1.35929 6 0.207382 1.1633 
15700 5 1.31656 6 0.147477 1.09411 
15800 6 1.34591 7 0.207784 1.1652 
15900 6 1.39289 8 0.202012 1.15817 
16000 6 1.37021 8 0.1983 1.15165 
16100 6 1.34446 7 0.181352 1.13028 
16200 6 1.43886 9 0.230631 1.18358 
16300 6 1.4328 10 0.257303 1.20993 
16400 6 1.40022 9 0.211389 1.15739 
16500 6 1.45177 8 0.24764 1.20309 
16600 6 1.47142 9 0.252598 1.21308 
16700 6 1.50092 9 0.243547 1.19659 
16800 6 1.44463 8 0.218166 1.16919 
16900 6 1.43863 9 0.261156 1.22159 
17000 6 1.48195 9 0.313001 1.26631 
17100 6 1.48371 8 0.238368 1.18874 
17200 6 1.37828 8 0.320693 1.29641 
17300 6 1.46108 9 0.342884 1.3137 
17400 6 1.37903 10 0.291493 1.26018 
17500 7 1.37866 11 0.277204 1.24063 
17600 7 1.45544 9 0.350648 1.319 
17700 7 1.5405 10 0.370944 1.33024 
17800 7 1.56947 10 0.327826 1.28426 
17900 7 1.59067 11 0.346285 1.30724 
18000 7 1.54943 11 0.37535 1.34317 
18100 7 1.51195 10 0.403025 1.37763 
18200 8 1.6529 10 0.334963 1.30197 
18300 8 1.58633 13 0.425716 1.39416 
18400 8 1.65838 13 0.471607 1.4374 
18500 8 1.64094 12 0.395614 1.35647 
18600 8 1.69602 13 0.367482 1.32967 
18700 8 1.65523 13 0.471103 1.4411 
18800 8 1.58611 12 0.486516 1.45555 
18900 8 1.71207 11 0.437446 1.40254 
19000 7 1.75197 11 0.533724 1.50343 
19100 7 1.58564 11 0.525767 1.507 
19200 7 1.57991 11 0.476997 1.45871 
19300 7 1.69519 11 0.373914 1.34769 
19400 7 1.56376 10 0.57293 1.55718 
19500 7 1.58494 11 0.569276 1.55437 
19600 7 1.83334 10 0.451046 1.41078 
19700 7 1.77197 10 0.541903 1.51434 
19800 7 1.6192 10 0.553378 1.53034 
19900 7 1.77001 11 0.547132 1.51986 
20000 7 1.87234 10 0.502589 1.46951 
20100 7 1.60112 10 0.596727 1.56493 
20200 8 1.7963 11 0.629146 1.59891 
20300 9 1.89543 12 0.56319 1.52995 
20400 9 1.88083 12 0.569798 1.54312 
20500 9 1.80503 12 0.627632 1.61241 
20600 9 1.81023 12 0.624015 1.6047 
20700 8 1.86199 10 0.613686 1.59769 
20800 8 1.6247 11 0.685813 1.66469 
20900 8 1.87583 12 0.660054 1.6399 
21000 8 1.80679 11 0.660845 1.62768 
21100 8 1.95436 11 0.627727 1.6103 
21200 8 1.95357 11 0.669779 1.65766 
21300 8 1.81579 12 0.730308 1.7209 
21400 8 1.8252 13 0.631733 1.60689 
21500 8 1.95761 13 0.66127 1.6274 
21600 8 1.92791 12 0.72595 1.71347 
21700 8 1.78528 12 0.662672 1.63318 
21800 8 2.27759 12 0.615845 1.59963 
21900 8 1.90915 11 0.701415 1.67968 
22000 8 2.0155 12 0.697123 1.69654 
22100 8 2.07286 11 0.664097 1.65819 
22200 8 2.1122 11 0.68362 1.66657 
22300 8 2.11383 11 0.72675 1.73109 
22400 9 2.01847 12 0.694188 1.68872 
22500 9 2.40803 13 0.684453 1.69431 
22600 9 2.0742 13 0.712752 1.70081 
22700 9 2.10207 14 0.741945 1.76055 
22800 9 2.38685 14 0.668719 1.65389 
22900 9 2.26096 15 0.737273 1.74669 
23000 9 2.12019 14 0.758199 1.75725 
23100 8 2.2806 14 0.715756 1.72285 
23200 8 2.32151 14 0.712991 1.73878 
23300 9 2.06995 15 0.735268 1.74496 
23400 8 2.17619 13 0.780822 1.82526 
23500 8 2.07609 14 0.748129 1.77173 
23600 8 2.05014 13 0.833624 1.89987 
23700 8 2.02386 13 0.781712 1.80668 
23800 8 2.15746 14 0.832079 1.90271 
23900 8 2.24808 13 0.751622 1.78413 
24000 8 2.18892 13 0.821331 1.88189 
24100 8 2.29058 13 0.819644 1.88358 
24200 8 2.26263 14 0.778419 1.82673 
24300 8 2.36046 14 0.797455 1.86768 
24400 8 2.23049 13 0.714812 1.71975 
24500 8 2.27022 13 0.823595 1.88097 
24600 8 2.28533 15 0.687406 1.70037 
24700 8 2.27262 13 0.819159 1.90908 
24800 9 2.21086 15 0.794818 1.85079 
24900 9 2.24487 17 0.841667 1.93838 
25000 7 2.27023 15 0.840449 1.94337 
25100 7 2.13086 14 0.849616 1.92744 
25200 7 2.1485 15 0.875026 1.97756 
25300 8 2.32133 13 0.788535 1.8335 
25400 8 2.22011 14 0.880886 1.99608 
25500 9 2.16823 15 0.77469 1.80506 
25600 9 2.25797 15 0.860948 1.98098 
25700 9 2.47921 14 0.777588 1.83187 
25800 9 2.18244 15 0.936984 2.07183 
25900 9 2.31818 15 0.890921 1.99637 
26000 8 2.36969 15 0.855444 1.95375 
26100 8 2.21167 15 0.952413 2.08558 
26200 8 2.31176 16 0.8011 1.84529 
26300 8 2.13998 16 1.01807 2.19559 
26400 8 2.36298 15 0.832678 1.90973 
26500 8 2.03573 14 1.01375 2.20475 
26600 8 2.30071 14 0.922826 2.03561 
26700 8 2.18758 15 0.957738 2.12316 
26800 8 2.13412 16 0.961104 2.1212 
26900 8 2.30521 19 0.854618 1.96704 
27000 8 2.07487 17 0.980705 2.16319 
27100 8 2.27977 17 0.817393 1.91468 
27200 8 2.01348 17 1.01221 2.2184 
27300 8 2.29723 18 0.886051 1.99017 
27400 7 2.06342 16 1.03631 2.23159 
27500 7 2.20997 15 0.962064 2.10813 
27600 7 2.14059 16 1.02027 2.2094 
27700 8 2.13172 16 1.0644 2.2587 
27800 8 2.23047 17 1.01086 2.20472 
27900 8 2.02554 18 1.07416 2.29581 
28000 8 2.23113 17 1.04539 2.21328 
28100 8 1.94835 17 1.11076 2.33855 
28200 8 2.2265 17 0.976014 2.12602 
28300 8 2.01395 16 1.06789 2.2704 
28400 7 2.16681 17 0.915796 2.05462 
28500 7 2.10996 17 0.961329 2.12989 
28600 7 2.11458 16 0.950094 2.09669 
28700 7 2.19506 18 0.930073 2.08041 
28800 7 2.08151 18 0.963402 2.14349 
28900 7 2.20348 19 0.845539 1.98175 
29000 8 2.2112 19 0.92256 2.08542 
29100 7 2.26843 18 0.822463 1.94987 
29200 7 2.11256 18 0.91482 2.0834 
29300 7 2.15245 18 0.880419 2.02599 
29400 7 2.16904 17 0.916849 2.0793 
29500 8 2.11072 18 0.911255 2.05978 
29600 8 2.12234 19 0.898404 2.05502 
29700 8 2.0362 20 0.956103 2.13966 
29800 7 2.12431 18 0.890054 2.04223 
29900 8 1.98085 17 1.02795 2.24219 
30000 8 2.2344 18 0.900477 2.03886 
30100 8 1.99686 18 0.972039 2.15422 
30200 8 2.19925 17 0.939874 2.08851 
30300 9 2.06302 20 0.979665 2.16954 
30400 8 2.00865 18 0.983078 2.16965 
30500 8 2.15996 18 0.948819 2.11388 
30600 8 1.95583 17 0.992695 2.19017 
30700 7 2.01356 18 0.931068 2.0991 
30800 7 1.85815 19 1.00461 2.2279 
30900 8 2.03095 19 0.943779 2.12047 
31000 7 1.90799 17 0.983237 2.1999 
31100 8 2.03852 17 0.970376 2.16998 
31200 7 1.79731 16 1.0121 2.27381 
31300 7 1.8344 15 1.03342 2.265 
31400 8 2.00827 16 0.970633 2.17787 
31500 8 1.86395 20 1.0351 2.27144 
31600 9 1.99219 21 0.967653 2.17279 
31700 8 1.93331 18 1.00532 2.2204 
31800 8 2.16712 19 0.911598 2.07128 
31900 7 2.01993 19 0.904061 2.06535 
32000 7 2.16658 17 0.911758 2.04644 
32100 9 2.11206 20 0.890293 2.04761 
32200 7 2.04015 19 0.903011 2.05612 
32300 6 2.03494 17 0.940498 2.12235 
32400 8 1.92654 19 0.986059 2.18177 
32500 10 1.98347 22 0.949749 2.14662 
32600 7 2.04862 18 0.976813 2.16526 
32700 10 2.04274 21 0.930341 2.11111 
32800 8 2.1547 19 0.895586 2.05839 
32900 8 2.08606 20 0.912321 2.07767 
33000 9 2.05373 23 0.918632 2.09242 
33100 10 2.12678 22 0.933407 2.09038 
33200 9 2.07172 24 0.925776 2.1019 
33300 10 2.26247 25 0.912005 2.04592 
33400 9 2.15466 26 0.915838 2.07691 
33500 8 2.23575 23 0.889403 2.02882 
33600 9 2.14478 25 0.841184 1.98516 
33700 8 2.11079 21 0.899517 2.0512 
33800 8 2.1601 21 0.838497 1.97845 
33900 8 2.15888 23 0.890798 2.04477 
34000 8 2.16792 20 0.875347 2.01824 
34100 7 2.03684 20 0.914716 2.09147 
34200 8 2.13878 19 0.887758 2.02585 
34300 8 1.93056 19 0.889694 2.06955 
34400 7 2.06033 21 0.885068 2.03623 
34500 9 2.10495 29 0.84951 1.9944 
34600 8 2.09693 27 0.880878 2.0285 
34700 9 2.10073 24 0.849416 1.99983 
34800 9 2.08048 21 0.862989 2.015 
34900 9 2.16944 24 0.765071 1.88095 
35000 9 2.16528 25 0.828755 1.95851 
35100 9 2.12598 26 0.802836 1.93134 
35200 9 2.10858 21 0.803019 1.91904 
35300 9 1.99952 21 0.919746 2.08197 
35400 8 2.18177 21 0.797681 1.90815 
35500 9 2.10344 22 0.902617 2.04704 
35600 9 2.15096 22 0.749054 1.84877 
35700 8 2.03725 20 0.82052 1.93954 
35800 9 2.15256 22 0.764482 1.84427 
35900 9 2.15252 25 0.797401 1.89688 
36000 8 2.04397 25 0.842632 1.96893 
36100 9 2.10429 25 0.797955 1.9025 
36200 9 2.02091 22 0.887982 2.03822 
36300 9 2.25584 23 0.753398 1.81076 
36400 8 2.01257 24 0.880179 2.0358 
36500 9 2.20413 20 0.771537 1.85194 
36600 10 2.04561 24 0.82442 1.95869 
36700 9 2.21649 20 0.765078 1.85025 
36800 9 2.14772 25 0.847453 1.97975 
36900 9 2.17303 22 0.836891 1.96311 
37000 9 2.18653 24 0.788743 1.89699 
37100 8 2.01936 21 0.874532 2.02993 
37200 8 2.12968 24 0.772385 1.87841 
37300 8 2.12177 24 0.779448 1.88737 
37400 8 2.16402 24 0.769872 1.86604 
37500 7 2.10224 25 0.792769 1.90935 
37600 8 2.09307 25 0.793768 1.90827 
37700 8 2.17615 25 0.772894 1.87889 
37800 9 2.20016 26 0.791792 1.90132 
37900 9 2.16043 24 0.773779 1.8915 
38000 9 2.19934 23 0.818991 1.95053 
38100 9 2.24044 24 0.794345 1.90836 
38200 9 2.25111 21 0.816131 1.93663 
38300 8 2.24659 23 0.801303 1.91109 
38400 8 2.18158 19 0.78557 1.89618 
38500 8 2.19223 23 0.734856 1.83972 
38600 8 2.22735 21 0.800611 1.90536 
38700 8 2.28645 23 0.73591 1.82942 
38800 8 2.17796 21 0.808929 1.92912 
38900 8 2.14725 23 0.780115 1.91087 
39000 8 2.27317 23 0.729081 1.80992 
39100 8 2.20935 24 0.825448 1.95308 
39200 8 2.29616 26 0.676689 1.74061 
39300 8 2.21816 24 0.808059 1.91981 
39400 8 2.20551 24 0.729327 1.82026 
39500 8 2.19272 20 0.799729 1.91237 
39600 8 2.2976 23 0.72628 1.81454 
39700 8 2.24806 23 0.724549 1.81395 
39800 9 2.30299 25 0.714061 1.80606 
39900 8 2.252 27 0.688788 1.78141 
40000 8 2.2622 25 0.753161 1.86027 
40100 8 2.31742 24 0.654453 1.7177 
40200 8 2.3676 27 0.748243 1.84068 
40300 8 2.33733 27 0.676908 1.73099 
40400 9 2.31397 27 0.759216 1.85734 
40500 8 2.31686 28 0.718017 1.78602 
40600 9 2.29667 26 0.720948 1.78278 
40700 9 2.34786 27 0.69245 1.74608 
40800 8 2.27474 24 0.685028 1.744 
40900 8 2.38511 25 0.721033 1.77405 
41000 9 2.33965 25 0.710226 1.76845 
41100 9 2.35499 26 0.731371 1.79801 
41200 8 2.40442 24 0.724714 1.78219 
41300 8 2.40872 24 0.662548 1.67705 
41400 8 2.39373 25 0.72309 1.78182 
41500 8 2.34329 25 0.698819 1.7479 
41600 8 2.45474 26 0.738536 1.80597 
41700 8 2.38992 24 0.767521 1.8394 
41800 9 2.39038 28 0.710495 1.77439 
41900 9 2.41356 25 0.742842 1.8026 
42000 8 2.33664 24 0.722756 1.78474 
42100 8 2.4024 25 0.736121 1.78705 
42200 8 2.35577 23 0.755601 1.82954 
42300 8 2.36137 27 0.729253 1.7992 
42400 9 2.38112 29 0.776684 1.85288 
42500 8 2.32034 27 0.687984 1.7525 
42600 8 2.39628 25 0.679657 1.72161 
42700 8 2.3661 25 0.661906 1.72143 
42800 8 2.3653 23 0.702101 1.75757 
42900 8 2.37183 24 0.683035 1.7376 
43000 8 2.43848 25 0.666679 1.69519 
43100 8 2.36927 26 0.696329 1.75146 
43200 8 2.38962 25 0.678347 1.7214 
43300 8 2.30893 25 0.690277 1.76051 
43400 8 2.3897 25 0.610236 1.62535 
43500 9 2.3414 27 0.688626 1.75318 
43600 9 2.31204 27 0.585651 1.57825 
43700 9 2.30638 27 0.700477 1.7812 
43800 9 2.26289 28 0.745318 1.84273 
43900 9 2.21304 28 0.770089 1.89143 
44000 10 2.29197 31 0.753582 1.86504 
44100 10 2.27124 32 0.727433 1.84013 
44200 9 2.34188 33 0.726505 1.82602 
44300 10 2.31919 35 0.682134 1.78351 
44400 9 2.33697 34 0.736195 1.84632 
44500 10 2.33942 33 0.709002 1.79719 
44600 10 2.17325 32 0.718419 1.8384 
44700 9 2.29589 32 0.724097 1.81952 
44800 10 2.28677 33 0.7158 1.83097 
44900 9 2.31949 32 0.705639 1.79078 
45000 10 2.37961 33 0.690968 1.78399 
45100 9 2.35987 32 0.703441 1.77626 
45200 9 2.36413 32 0.673719 1.74832 
45300 8 2.30341 32 0.758207 1.84546 
45400 11 2.38052 39 0.714134 1.7849 
45500 9 2.35264 32 0.730881 1.79614 
45600 9 2.33422 36 0.70497 1.77637 
45700 9 2.38664 35 0.66719 1.73411 
45800 10 2.43161 34 0.71473 1.80083 
45900 9 2.44301 36 0.64584 1.69029 
46000 9 2.39092 36 0.731261 1.83615 
46100 9 2.42684 34 0.690749 1.75 
46200 8 2.45401 37 0.708087 1.79249 
46300 9 2.42686 37 0.716604 1.7928 
46400 9 2.32821 35 0.697793 1.79241 
46500 10 2.3871 40 0.776424 1.88838 
46600 11 2.47025 39 0.683966 1.76402 
46700 10 2.32257 38 0.747952 1.85215 
46800 9 2.43932 39 0.672785 1.72052 
46900 9 2.3743 35 0.728955 1.81995 
47000 9 2.38583 34 0.686546 1.7528 
47100 10 2.33759 35 0.679304 1.76274 
47200 8 2.37963 35 0.683272 1.73059 
47300 8 2.29637 35 0.656699 1.74254 
47400 9 2.39399 33 0.696783 1.75943 
47500 8 2.24541 35 0.708768 1.82139 
47600 9 2.41235 34 0.769971 1.87309 
47700 8 2.23223 36 0.733501 1.85177 
47800 8 2.25201 32 0.718861 1.81701 
47900 10 2.23235 36 0.728928 1.85317 
48000 9 2.44671 38 0.684456 1.76367 
48100 10 2.37373 34 0.78553 1.89227 
48200 10 2.4608 43 0.654425 1.70893 
48300 9 2.38534 41 0.774633 1.89785 
48400 10 2.36904 34 0.705339 1.7801 
48500 10 2.34549 37 0.736307 1.84504 
48600 10 2.39271 38 0.745722 1.85426 
48700 8 2.37105 32 0.707106 1.82074 
48800 10 2.26726 37 0.763795 1.88509 
48900 10 2.39679 33 0.62456 1.65934 
49000 10 2.26759 34 0.756092 1.85483 
49100 11 2.36575 37 0.706816 1.76819 
49200 10 2.22474 32 0.799204 1.92446 
49300 11 2.25282 35 0.743129 1.83676 
49400 9 2.3759 36 0.701833 1.75507 
49500 10 2.3464 35 0.753968 1.81641 
49600 12 2.44281 37 0.629475 1.64099 
49700 10 2.28825 38 0.816674 1.92591 
49800 10 2.4165 32 0.697707 1.75332 
49900 10 2.23333 34 0.804869 1.91745 
50000 11 2.29313 36 0.763011 1.85041 
50100 10 2.28497 33 0.731751 1.82842 
50200 8 2.24647 35 0.809173 1.93235 
50300 10 2.37553 37 0.671083 1.76072 
50400 10 2.31364 33 0.763058 1.85808 
50500 12 2.48771 39 0.685968 1.76298 
50600 12 2.40469 39 0.733625 1.82192 
50700 12 2.44216 40 0.760211 1.87703 
50800 12 2.4564 44 0.743564 1.85468 
50900 11 2.49757 41 0.737276 1.8347 
51000 12 2.41875 44 0.665209 1.75104 
51100 10 2.40764 44 0.735317 1.84877 
51200 11 2.35075 42 0.706063 1.81265 
51300 10 2.26635 42 0.735778 1.87073 
51400 10 2.31276 43 0.704647 1.80727 
51500 10 2.38436 37 0.7182 1.83311 
51600 9 2.27957 42 0.718135 1.82868 
51700 10 2.3655 39 0.671452 1.78277 
51800 9 2.26335 36 0.812564 1.96525 
51900 8 2.30357 38 0.699839 1.81507 
52000 8 2.30765 37 0.808628 1.94628 
52100 10 2.31544 36 0.725817 1.84728 
52200 10 2.29758 41 0.731695 1.84308 
52300 9 2.29545 38 0.727654 1.84209 
52400 9 2.21141 34 0.72113 1.84209 
52500 9 2.25897 32 0.754926 1.88369 
52600 9 2.28389 32 0.738458 1.85807 
52700 9 2.29266 30 0.746671 1.86018 
52800 10 2.27975 31 0.745121 1.86778 
52900 9 2.34605 30 0.738548 1.83496 
53000 9 2.30064 28 0.748851 1.86689 
53100 8 2.39511 28 0.71757 1.80466 
53200 9 2.33209 30 0.746837 1.86653 
53300 8 2.36135 30 0.679762 1.76626 
53400 10 2.31965 34 0.78674 1.93038 
53500 9 2.37907 32 0.707607 1.81545 
53600 9 2.30328 30 0.754716 1.88616 
53700 9 2.23294 29 0.783354 1.92202 
53800 9 2.39041 31 0.69667 1.78504 
53900 9 2.29198 29 0.749569 1.87323 
54000 8 2.29536 29 0.693005 1.78935 
54100 8 2.19122 28 0.767879 1.89286 
54200 8 2.30179 29 0.654739 1.73449 
54300 8 2.26794 29 0.723224 1.831 
54400 8 2.3231 30 0.693668 1.79797 
54500 9 2.29234 27 0.754838 1.86842 
54600 8 2.26286 29 0.751939 1.87027 
54700 10 2.26113 28 0.745402 1.85509 
54800 9 2.28113 29 0.764542 1.88695 
54900 8 2.37388 27 0.676725 1.74659 
55000 8 2.34008 30 0.743473 1.85008 
55100 9 2.34935 31 0.66145 1.74041 
55200 8 2.2224 28 0.746922 1.8795 
55300 8 2.18667 30 0.739169 1.86199 
55400 9 2.20491 29 0.721541 1.84069 
55500 8 2.18898 29 0.804414 1.96058 
55600 8 2.41152 31 0.678279 1.75775 
55700 8 2.25418 32 0.775882 1.91621 
55800 8 2.4567 28 0.711794 1.81633 
55900 9 2.24956 31 0.765066 1.90141 
56000 8 2.41617 30 0.698658 1.7892 
56100 9 2.31667 31 0.770767 1.90912 
56200 8 2.42861 30 0.773924 1.89799 
56300 9 2.37822 31 0.716707 1.81485 
56400 9 2.42744 36 0.752622 1.87761 
56500 9 2.58536 35 0.670192 1.72757 
56600 9 2.3067 36 0.845899 2.01304 
56700 9 2.48079 38 0.727309 1.83783 
56800 8 2.20877 35 0.819747 1.99565 
56900 8 2.38116 38 0.782493 1.93706 
57000 8 2.32347 39 0.772459 1.92429 
57100 8 2.35368 40 0.754238 1.89398 
57200 8 2.45313 38 0.704706 1.82503 
57300 8 2.42927 38 0.762559 1.90268 
57400 8 2.39917 39 0.787833 1.93184 
57500 9 2.39291 40 0.79166 1.94485 
57600 9 2.29231 36 0.801586 1.97182 
57700 9 2.32584 36 0.772237 1.89188 
57800 9 2.39128 36 0.775221 1.92149 
57900 9 2.37224 37 0.714623 1.80759 
58000 9 2.29889 36 0.746728 1.87842 
58100 9 2.37379 39 0.679663 1.77677 
58200 10 2.32367 38 0.696884 1.80978 
58300 11 2.34483 39 0.635353 1.72003 
58400 11 2.39899 41 0.655715 1.74412 
58500 10 2.30842 37 0.705998 1.80417 
58600 11 2.40682 37 0.705206 1.80722 
58700 11 2.24521 35 0.744924 1.88084 
58800 11 2.24376 37 0.688053 1.78848 
58900 12 2.32798 38 0.7165 1.82509 
59000 12 2.37822 38 0.639806 1.69429 
59100 11 2.33422 38 0.697335 1.79027 
59200 11 2.4037 38 0.673205 1.75293 
59300 12 2.30477 39 0.709115 1.82557 
59400 12 2.31296 36 0.723412 1.8484 
59500 12 2.36415 42 0.709417 1.83157 
59600 12 2.37352 38 0.727211 1.84466 
59700 11 2.41494 36 0.692461 1.79059 
59800 11 2.43151 38 0.704688 1.80147 
59900 12 2.43012 39 0.672235 1.75225 
60000 12 2.39694 38 0.757846 1.88649 
60100 11 2.46239 36 0.682657 1.76924 
60200 12 2.41643 37 0.739088 1.86762 
60300 11 2.42739 36 0.750108 1.87645 
60400 11 2.41961 37 0.735651 1.85399 
60500 11 2.3731 36 0.781095 1.92621 
60600 10 2.37542 39 0.720932 1.84454 
60700 10 2.45107 36 0.772867 1.91051 
60800 10 2.4554 39 0.709551 1.81282 
60900 10 2.44215 37 0.759039 1.88345 
61000 10 2.50337 39 0.766388 1.90357 
61100 11 2.43245 39 0.774383 1.92309 
61200 11 2.44083 38 0.771943 1.89526 
61300 11 2.57466 37 0.771129 1.90293 
61400 10 2.4977 36 0.825272 1.95713 
61500 10 2.56257 38 0.77919 1.89887 
61600 11 2.55715 36 0.819343 1.94348 
61700 10 2.56755 37 0.799661 1.91394 
61800 10 2.53516 34 0.82738 1.96953 
61900 13 2.61007 39 0.77155 1.8989 
62000 12 2.44092 40 0.793299 1.92846 
62100 13 2.55096 40 0.800233 1.93268 
62200 13 2.58508 43 0.809041 1.94987 
62300 11 2.48205 41 0.816549 1.95672 
62400 13 2.67755 46 0.844438 1.99352 
62500 14 2.65311 46 0.809818 1.94098 
62600 14 2.65726 45 0.802479 1.93269 
62700 14 2.69901 48 0.817232 1.95617 
62800 13 2.49326 44 0.810097 1.95236 
62900 13 2.74521 46 0.820728 1.96374 
63000 13 2.65982 46 0.839626 2.00121 
63100 12 2.54845 44 0.835445 1.99148 
63200 15 2.70063 47 0.873468 2.03592 
63300 15 2.69566 45 0.822682 1.97957 
63400 14 2.61483 44 0.782319 1.9156 
63500 14 2.76214 46 0.758396 1.89427 
63600 14 2.72496 46 0.760741 1.88052 
63700 13 2.66584 42 0.756618 1.8661 
63800 15 2.72966 44 0.766094 1.88838 
63900 15 2.73599 44 0.753893 1.86726 
64000 15 2.62295 41 0.761866 1.88567 
64100 16 2.83054 49 0.769725 1.86346 
64200 13 2.65394 44 0.644947 1.71095 
64300 13 2.68062 45 0.709695 1.80363 
64400 14 2.83847 46 0.664526 1.71857 
64500 14 2.6352 45 0.682017 1.74687 
64600 14 2.83394 42 0.678513 1.74716 
64700 14 2.75632 44 0.697118 1.76042 
64800 15 2.80126 41 0.655026 1.71424 
64900 14 2.86281 45 0.661139 1.72018 
65000 12 2.73136 38 0.655701 1.70395 
65100 13 2.9052 41 0.676146 1.71604 
65200 13 2.86502 42 0.639054 1.679 
65300 12 2.82417 40 0.659742 1.69164 
65400 13 2.88091 43 0.627789 1.66252 
65500 13 2.90315 42 0.677539 1.71937 
65600 15 2.86881 40 0.682055 1.71743 
65700 16 2.85303 44 0.696866 1.74934 
65800 17 2.89234 45 0.707208 1.75966 
65900 15 2.77919 42 0.716664 1.79215 
66000 15 2.87166 40 0.681899 1.71611 
66100 14 2.81209 40 0.753263 1.84421 
66200 14 2.86068 40 0.680311 1.72379 
66300 14 2.89718 41 0.752308 1.84063 
66400 16 2.95793 44 0.691958 1.73893 
66500 17 2.98472 43 0.707921 1.75306 
66600 14 3.0131 39 0.749479 1.82031 
66700 15 2.87973 41 0.668278 1.70372 
66800 13 2.98189 41 0.768927 1.83812 
66900 15 2.99829 47 0.725721 1.80831 
67000 15 2.90545 44 0.731422 1.79119 
67100 15 3.03536 49 0.761883 1.84157 
67200 15 2.96491 50 0.739804 1.79503 
67300 15 3.06441 48 0.75239 1.83012 
67400 13 2.97949 50 0.769527 1.87105 
67500 16 3.01979 51 0.710449 1.73978 
67600 15 3.02957 49 0.77689 1.87968 
67700 15 3.02824 50 0.736713 1.80853 
67800 15 3.05982 47 0.721302 1.7716 
67900 16 3.06473 50 0.737219 1.82391 
68000 17 3.09837 49 0.727069 1.79853 
68100 18 3.09017 49 0.772016 1.86767 
68200 18 3.09784 50 0.792635 1.92232 
68300 18 3.05632 51 0.749764 1.85044 
68400 17 3.06592 45 0.789481 1.91317 
68500 18 3.02439 47 0.786729 1.90622 
68600 14 3.02549 43 0.718666 1.79424 
68700 17 3.02819 46 0.746357 1.84494 
68800 17 2.96849 49 0.708845 1.80111 
68900 15 2.9706 47 0.688576 1.75349 
69000 14 2.90708 48 0.753064 1.88314 
69100 15 2.94355 51 0.742758 1.83538 
69200 15 2.98354 47 0.600727 1.63975 
69300 15 2.85682 52 0.773055 1.89178 
69400 16 3.04555 51 0.656459 1.71219 
69500 15 2.93942 53 0.717947 1.78878 
69600 14 2.9775 49 0.738112 1.84078 
69700 16 2.97664 49 0.681608 1.73518 
69800 16 2.91119 50 0.765937 1.89224 
69900 14 2.80644 47 0.731218 1.84111 
70000 15 2.92385 50 0.760699 1.87216 
70100 17 2.89279 49 0.781036 1.9118 
70200 18 2.91254 54 0.791998 1.93367 
70300 17 2.89637 54 0.776752 1.90847 
70400 18 2.79997 49 0.7298 1.84505 
70500 19 2.88539 48 0.78808 1.9076 
70600 15 2.72459 47 0.71075 1.77937 
70700 16 2.79803 50 0.787872 1.9078 
70800 16 2.8029 51 0.782713 1.8754 
70900 16 2.79781 49 0.793488 1.91971 
71000 17 2.73298 47 0.842306 1.98408 
71100 18 2.80246 50 0.822211 1.95435 
71200 16 2.73422 48 0.806934 1.93633 
71300 17 2.78091 49 0.82782 1.97861 
71400 18 2.90726 55 0.784734 1.89595 
71500 18 2.80547 52 0.861094 2.0322 
71600 18 2.84617 48 0.85497 1.97698 
71700 19 2.81784 50 0.822486 1.93232 
71800 22 2.8651 52 0.852126 1.99395 
71900 20 2.81688 51 0.785838 1.87761 
72000 18 2.87985 48 0.816402 1.92448 
72100 16 2.7911 47 0.828571 1.95465 
72200 17 2.94042 42 0.727616 1.76852 
72300 17 2.77348 44 0.858698 1.99384 
72400 19 2.95014 49 0.797406 1.88424 
72500 19 3.00198 48 0.824908 1.91322 
72600 19 2.92201 45 0.841487 1.9512 
72700 16 2.90985 43 0.795129 1.87439 
72800 17 2.82935 45 0.86801 1.99057 
72900 17 2.89071 46 0.838061 1.94165 
73000 17 2.92704 45 0.781082 1.82796 
73100 18 2.86976 48 0.845287 1.96945 
73200 17 2.75828 45 0.832932 1.93001 
73300 16 3.02982 44 0.744625 1.75524 
73400 15 2.69128 45 0.886096 2.02593 
73500 14 2.97933 49 0.804217 1.87697 
73600 14 2.92648 48 0.852248 1.94838 
73700 14 2.87089 51 0.847383 1.96246 
73800 14 2.99791 53 0.737568 1.78745 
73900 15 2.74197 49 0.898208 2.05305 
74000 15 2.93741 44 0.818203 1.92735 
74100 13 2.8572 38 0.772234 1.85986 
74200 13 2.75451 42 0.881966 2.04766 
74300 13 2.74417 43 0.815283 1.9478 
74400 13 2.85712 44 0.85179 1.98132 
74500 15 2.74425 41 0.893966 2.06851 
74600 15 2.94724 42 0.810521 1.94277 
74700 16 2.84283 43 0.868883 2.0291 
74800 17 2.91444 42 0.839613 1.98384 
74900 16 2.87898 44 0.878798 2.02773 
75000 17 2.94242 42 0.917007 2.06418 
75100 17 2.9734 46 0.808516 1.93107 
75200 17 2.85405 47 0.901356 2.05668 
75300 16 2.89695 43 0.885072 2.02095 
75400 16 2.69142 49 0.907069 2.08002 
75500 16 2.66408 49 0.958024 2.1593 
75600 14 2.69901 41 0.872461 2.01795 
75700 14 2.58327 45 0.929306 2.11732 
75800 14 2.60156 41 0.88806 2.04379 
75900 13 2.59805 38 0.888834 2.05501 
76000 13 2.5566 42 0.913672 2.09849 
76100 14 2.57829 41 0.890875 2.06448 
76200 13 2.49244 46 0.940964 2.14128 
76300 13 2.57129 44 0.878277 2.06012 
76400 14 2.6694 46 0.905306 2.09215 
76500 15 2.58555 48 0.926012 2.12403 
76600 13 2.66058 44 0.910696 2.08648 
76700 14 2.57787 43 0.94823 2.14326 
76800 12 2.67596 41 0.903168 2.06545 
76900 15 2.66545 43 0.80078 1.90472 
77000 13 2.51983 39 0.972283 2.17309 
77100 14 2.58015 39 0.881698 2.05165 
77200 14 2.55568 39 0.935333 2.11947 
77300 17 2.46988 41 0.976516 2.19052 
77400 15 2.60952 40 0.872811 2.03147 
77500 15 2.60706 39 0.894152 2.0476 
77600 14 2.64961 38 0.930396 2.10191 
77700 13 2.58985 37 0.809083 1.93263 
77800 12 2.58799 33 0.912362 2.07528 
77900 13 2.65428 35 0.893607 2.05059 
78000 14 2.68859 33 0.85836 1.99754 
78100 14 2.60967 37 0.869248 1.99757 
78200 14 2.55875 35 0.84691 1.97826 
78300 13 2.59458 34 0.810329 1.92587 
78400 13 2.45698 35 0.819261 1.95471 
78500 13 2.56273 31 0.797863 1.91934 
78600 13 2.53108 32 0.792257 1.90388 
78700 12 2.65472 33 0.792358 1.88701 
78800 13 2.55633 31 0.815073 1.94968 
78900 13 2.48459 31 0.755924 1.84434 
79000 15 2.60392 34 0.756107 1.81855 
79100 14 2.59987 42 0.808647 1.9216 
79200 13 2.70205 38 0.794502 1.86461 
79300 12 2.58731 39 0.85224 2.00622 
79400 13 2.77175 39 0.813549 1.89076 
79500 13 2.63363 36 0.76254 1.82561 
79600 13 2.71807 39 0.834813 1.94094 
79700 14 2.68738 41 0.777051 1.86966 
79800 14 2.68516 40 0.792081 1.89952 
79900 12 2.65081 35 0.82245 1.93696 
80000 13 2.71972 38 0.763367 1.85019 
80100 13 2.56504 35 0.805183 1.92525 
80200 13 2.65042 40 0.815021 1.93753 
80300 13 2.64626 40 0.725833 1.79772 
80400 14 2.68776 42 0.811217 1.91065 
80500 14 2.69823 43 0.780699 1.86124 
80600 14 2.72199 40 0.763512 1.83176 
80700 15 2.69556 43 0.846847 1.9718 
80800 16 2.71024 38 0.797803 1.85002 
80900 17 2.71901 38 0.831904 1.91276 
81000 15 2.69098 35 0.846854 1.93573 
81100 16 2.82289 38 0.779286 1.82088 
81200 13 2.68332 35 0.828702 1.93075 
81300 15 2.87517 37 0.763829 1.81208 
81400 13 2.74399 39 0.78524 1.85303 
81500 15 2.7559 46 0.821817 1.93362 
81600 16 2.76333 50 0.787716 1.86709 
81700 15 2.72834 46 0.768834 1.8273 
81800 16 2.77051 51 0.811629 1.90958 
81900 15 2.71415 48 0.809254 1.87141 
82000 15 2.72133 49 0.894123 2.0396 
82100 16 2.69679 51 0.862193 2.00323 
82200 16 2.75935 50 0.871028 1.99425 
82300 14 2.62271 43 0.916962 2.09906 
82400 13 2.68918 44 0.879988 2.02051 
82500 13 2.68489 45 0.834299 1.9314 
82600 13 2.6661 43 0.854413 1.98414 
82700 14 2.6865 47 0.827373 1.9154 
82800 14 2.83526 45 0.727936 1.74237 
82900 12 2.71792 36 0.833129 1.94219 
83000 12 2.66339 37 0.893348 2.02747 
83100 14 2.76569 37 0.819078 1.91671 
83200 14 2.6535 32 0.914512 2.0858 
83300 17 2.66179 37 0.844715 1.96478 
83400 15 2.76117 37 0.899967 2.02691 
83500 13 2.53445 34 0.947175 2.13326 
83600 15 2.73803 35 0.896095 2.02342 
83700 13 2.66519 34 0.861081 1.98308 
83800 13 2.61978 33 0.925474 2.1038 
83900 14 2.68264 38 0.889042 2.0094 
84000 16 2.72252 40 0.872257 2.0173 
84100 14 2.69335 37 0.895738 2.07591 
84200 12 2.75355 37 0.894489 2.03543 
84300 14 2.68658 39 0.870853 2.03049 
84400 13 2.66238 33 0.88487 2.06506 
84500 15 2.71127 40 0.867576 2.00597 
84600 14 2.63336 40 0.922034 2.11711 
84700 14 2.58831 40 0.996471 2.23272 
84800 14 2.69301 41 0.92668 2.08725 
84900 12 2.55072 41 0.966007 2.18848 
85000 13 2.61676 46 0.962641 2.17129 
85100 14 2.73948 43 0.878928 2.0114 
85200 13 2.50818 41 0.952149 2.15368 
85300 14 2.69784 50 0.917865 2.09143 
85400 14 2.72722 47 0.877275 2.03204 
85500 14 2.56604 45 0.967178 2.1849 
85600 12 2.7013 44 0.8744 2.02378 
85700 13 2.61745 40 0.905506 2.07721 
85800 14 2.54006 44 0.916395 2.118 
85900 14 2.83237 44 0.746117 1.82142 
86000 14 2.72992 56 0.888513 2.04391 
86100 13 2.71302 50 0.854117 2.01402 
86200 15 2.78542 58 0.772671 1.84112 
86300 13 2.57878 52 0.851135 2.01153 
86400 13 2.66566 46 0.82172 1.9762 
86500 14 2.6354 55 0.849727 1.97963 
86600 14 2.59312 42 0.829167 1.97521 
86700 14 2.63199 40 0.79619 1.91959 
86800 15 2.60419 42 0.865496 2.01067 
86900 13 2.64326 46 0.889182 2.05617 
87000 15 2.58316 46 0.896838 2.07961 
87100 13 2.60511 47 0.876671 2.0393 
87200 14 2.48904 45 0.839118 2.01196 
87300 15 2.61372 45 0.88005 2.05245 
87400 12 2.56435 45 0.838791 1.97527 
87500 14 2.57054 45 0.908002 2.10038 
87600 14 2.70111 43 0.890935 2.0514 
87700 14 2.64345 45 0.835369 1.97998 
87800 13 2.66645 46 0.907809 2.08445 
87900 14 2.5841 45 0.837021 1.99372 
88000 17 2.71996 53 0.811765 1.94676 
88100 16 2.6662 50 0.861513 2.02367 
88200 13 2.76131 44 0.758728 1.85671 
88300 13 2.68582 43 0.752661 1.85673 
88400 14 2.71102 42 0.811556 1.94996 
88500 11 2.79713 36 0.768131 1.85336 
88600 13 2.62849 39 0.78439 1.89387 
88700 11 2.76936 38 0.837221 1.9728 
88800 12 2.67431 37 0.80129 1.89948 
88900 13 2.88411 44 0.807452 1.91635 
89000 14 2.7374 44 0.795045 1.91202 
89100 14 2.89507 46 0.811044 1.91869 
89200 12 2.78201 41 0.792524 1.91165 
89300 12 2.68597 47 0.815463 1.94629 
89400 12 2.72316 43 0.73798 1.81228 
89500 11 2.61865 43 0.832528 1.97522 
89600 13 2.73083 46 0.822621 1.93753 
89700 13 2.78624 46 0.791325 1.88785 
89800 13 2.72596 48 0.835484 1.9688 
89900 14 2.82448 47 0.793427 1.88279 
90000 13 2.79982 43 0.78385 1.85791 
90100 15 2.80561 48 0.815565 1.9166 
90200 14 2.87618 51 0.722056 1.73874 
90300 15 2.81017 52 0.756306 1.84193 
90400 14 2.76907 48 0.806682 1.91771 
90500 15 2.91346 53 0.774806 1.8341 
90600 15 2.68201 50 0.864019 1.99573 
90700 14 2.80952 42 0.851443 1.95837 
90800 14 2.81636 42 0.73416 1.77293 
90900 13 2.66792 43 0.854518 1.99782 
91000 14 2.82936 43 0.780501 1.85135 
91100 14 2.91122 46 0.740446 1.78174 
91200 16 2.72542 45 0.866772 1.99297 
91300 14 2.82151 40 0.791223 1.86904 
91400 14 2.86976 41 0.85193 1.94437 
91500 14 2.71345 41 0.907301 2.04684 
91600 13 2.92231 44 0.767696 1.83031 
91700 14 2.78597 45 0.897522 2.03618 
91800 12 2.77893 42 0.852992 1.96454 
91900 13 2.77905 44 0.890523 2.00616 
92000 13 2.65113 45 0.939677 2.10199 
92100 14 2.74819 44 0.830351 1.94003 
92200 13 2.62563 44 0.953591 2.1052 
92300 13 2.65925 40 0.927325 2.09756 
92400 13 2.57588 39 0.937128 2.10311 
92500 11 2.67916 40 0.914346 2.0526 
92600 13 2.76686 39 0.841642 1.96099 
92700 12 2.62218 38 0.94608 2.11924 
92800 13 2.67003 43 0.886992 2.03262 
92900 13 2.59834 42 0.876262 2.02196 
93000 12 2.53575 43 0.946338 2.12863 
93100 12 2.56302 35 0.807336 1.92889 
93200 12 2.48335 45 0.994323 2.20304 
93300 11 2.57049 41 0.925922 2.09387 
93400 12 2.65249 41 0.822472 1.93946 
93500 15 2.48862 51 0.968349 2.15537 
93600 15 2.70987 46 0.780787 1.86865 
93700 14 2.56561 44 0.916535 2.06379 
93800 14 2.59638 43 0.955401 2.13574 
93900 12 2.5782 34 0.790733 1.90596 
94000 14 2.53727 42 1.00693 2.21723 
94100 14 2.62966 42 0.896921 2.05146 
94200 15 2.71571 44 0.833919 1.93486 
94300 12 2.59814 40 0.961574 2.1368 
94400 12 2.6642 42 0.75474 1.83835 
94500 13 2.66965 41 0.889721 2.02906 
94600 13 2.79431 41 0.844454 1.9527 
94700 13 2.78141 44 0.83444 1.95076 
94800 14 2.7084 42 0.962579 2.10353 
94900 14 2.8487 45 0.791998 1.87279 
95000 14 2.64134 49 0.933795 2.08421 
95100 13 2.74896 42 0.886839 2.01124 
95200 13 2.65235 40 0.758536 1.83569 
95300 14 2.74942 46 0.919318 2.0624 
95400 14 2.73521 48 0.810871 1.9427 
95500 14 2.62247 43 0.878508 2.03229 
95600 13 2.69808 40 0.899936 2.05329 
95700 13 2.62069 41 0.833274 1.9723 
95800 13 2.73397 41 0.863575 2.00088 
95900 12 2.83538 38 0.847826 1.96252 
96000 14 2.63733 49 0.882013 2.02911 
96100 15 2.88712 51 0.859091 1.96833 
96200 13 2.82561 45 0.772185 1.83676 
96300 14 2.63626 46 0.827547 1.94609 
96400 14 2.6769 45 0.822985 1.94164 
96500 14 2.80189 49 0.764208 1.83973 
96600 14 2.74613 46 0.782927 1.86801 
96700 14 2.83541 42 0.81847 1.91395 
96800 14 2.76703 47 0.769107 1.84839 
96900 13 2.75655 40 0.759955 1.82116 
97000 13 2.73465 44 0.792286 1.90459 
97100 14 2.6894 39 0.763792 1.84509 
97200 14 2.79853 40 0.775972 1.85919 
97300 15 2.69183 50 0.821864 1.94806 
97400 16 2.77268 49 0.745144 1.82985 
97500 15 2.60498 50 0.801691 1.9182 
97600 15 2.72041 47 0.765521 1.85263 
97700 17 2.72815 55 0.775338 1.8851 
97800 15 2.61838 49 0.796443 1.90847 
97900 14 2.77542 45 0.764558 1.87266 
98000 15 2.68014 47 0.854494 2.00599 
98100 15 2.72245 49 0.834998 1.9618 
98200 13 2.75142 40 0.831325 1.93515 
98300 17 2.72913 50 0.846612 1.96963 
98400 15 2.68781 48 0.829096 1.94035 
98500 18 2.99022 54 0.789067 1.85784 
98600 17 2.67963 52 0.874753 2.01832 
98700 18 2.91127 52 0.791593 1.87803 
98800 17 2.84044 51 0.712763 1.72681 
98900 17 2.80082 52 0.829259 1.93924 
99000 16 2.92312 49 0.752453 1.79726 
99100 16 2.84893 49 0.771621 1.82388 
99200 17 2.80593 51 0.782953 1.85723 
99300 16 2.77881 50 0.778971 1.84386 
99400 17 2.85922 49 0.739106 1.77959 
99500 13 2.70989 43 0.768636 1.84467 
99600 15 2.78264 46 0.800171 1.88523 
99700 14 2.62411 44 0.774104 1.88056 
99800 14 2.66106 44 0.860796 2.00602 
99900 14 2.69692 45 0.839179 1.95078 
100000 13 2.62344 42 0.768401 1.85651 
100100 11 2.58715 42 0.852196 1.98209 
100200 13 2.76488 43 0.796988 1.89581 
100300 12 2.62951 42 0.797725 1.9072 
100400 14 2.68551 41 0.833836 1.97131 
100500 13 2.59777 43 0.777002 1.88751 
100600 14 2.73925 46 0.79731 1.91306 
100700 16 2.79581 46 0.824687 1.94191 
100800 15 2.69295 47 0.794846 1.91058 
100900 15 2.66741 48 0.890692 2.05011 
101000 14 2.59476 44 0.786141 1.90015 
101100 13 2.54671 44 0.855832 2.01898 
101200 14 2.54627 52 0.856481 2.00897 
101300 13 2.68342 54 0.762137 1.84457 
101400 12 2.58143 45 0.838384 1.96261 
101500 13 2.6317 47 0.785535 1.87859 
101600 13 2.67163 44 0.732711 1.79427 
101700 13 2.65335 46 0.854463 1.97604 
101800 14 2.71668 47 0.851538 1.97117 
101900 14 2.51827 46 0.845286 1.97347 
102000 13 2.59023 40 0.913273 2.07055 
102100 14 2.64787 45 0.923509 2.08912 
102200 14 2.6501 42 0.833708 1.95136 
102300 14 2.80216 42 0.85909 1.97762 
102400 14 2.6403 43 0.819976 1.91811 
102500 12 2.70681 40 0.886071 1.98634 
102600 11 2.67032 42 0.847534 1.94636 
102700 13 2.61041 44 0.856011 1.97333 
102800 12 2.66066 36 0.886928 2.01591 
102900 12 2.77274 39 0.837351 1.92425 
103000 12 2.70804 42 0.884768 2.01106 
103100 13 2.72623 42 0.856399 1.97139 
103200 13 2.68955 39 0.857946 1.96586 
103300 13 2.67535 40 0.892251 2.01427 
103400 13 2.75535 37 0.859294 1.97952 
103500 12 2.69213 37 0.851821 1.96506 
103600 14 2.68472 40 0.877687 2.01103 
103700 14 2.76064 41 0.85757 1.9684 
103800 14 2.7646 40 0.855018 1.9699 
103900 13 2.75897 37 0.80897 1.8946 
104000 11 2.7212 39 0.855127 1.9862 
104100 14 2.83923 42 0.826251 1.94138 
104200 14 2.76723 39 0.846157 1.97423 
104300 13 2.77775 38 0.884674 2.02632 
104400 13 2.74503 41 0.78532 1.88211 
104500 12 2.85379 38 0.776328 1.84682 
104600 14 2.72605 44 0.827037 1.94215 
104700 13 2.77879 44 0.78738 1.873 
104800 12 2.68614 35 0.743188 1.81896 
104900 13 2.72955 42 0.813916 1.91973 
105000 13 2.76459 39 0.855689 1.96442 
105100 14 2.85354 46 0.867249 1.96582 
105200 12 2.69889 41 0.884493 2.01496 
105300 12 2.82851 36 0.878485 1.99481 
105400 14 2.8345 39 0.873674 1.97072 
105500 12 2.83044 39 0.861829 1.93406 
105600 13 2.78184 39 0.927816 2.06285 
105700 14 2.76911 40 0.940285 2.0957 
105800 13 2.77069 40 0.859125 1.98108 
105900 14 2.66061 41 0.910862 2.06363 
106000 15 2.79084 42 0.937286 2.06521 
106100 12 2.79088 39 0.821153 1.88838 
106200 18 2.75283 42 0.96259 2.11699 
106300 15 2.75654 42 0.913412 2.05414 
106400 16 2.822 44 0.920491 2.0551 
106500 14 2.74255 42 0.959487 2.12506 
106600 15 2.85335 42 0.796189 1.84989 
106700 17 2.82839 49 0.86647 1.96933 
106800 16 2.79218 45 0.89972 2.0197 
106900 17 2.93274 45 0.842995 1.92936 
107000 16 2.82408 46 0.89445 2.0303 
107100 15 2.79546 43 0.843618 1.93967 
107200 15 2.90227 41 0.856123 1.93651 
107300 16 2.78056 43 0.838744 1.92473 
107400 14 2.87329 42 0.788105 1.8253 
107500 14 2.69645 41 0.851654 1.95087 
107600 12 2.84106 36 0.830307 1.91487 
107700 12 2.76468 38 0.85053 1.94048 
107800 13 2.77946 39 0.864929 1.96902 
107900 13 2.78151 38 0.786851 1.86065 
108000 15 2.76493 39 0.864777 1.96559 
108100 15 2.86956 41 0.847122 1.93963 
108200 14 2.85963 36 0.81258 1.88239 
108300 15 2.79743 39 0.86463 1.95985 
108400 16 2.81408 37 0.800918 1.87392 
108500 14 2.80578 34 0.87714 1.98022 
108600 15 2.83255 38 0.946411 2.0903 
108700 14 2.90065 35 0.815552 1.86411 
108800 15 2.82216 36 0.947498 2.08405 
108900 13 2.75521 31 0.861988 1.9746 
109000 18 2.99912 44 0.823792 1.8966 
109100 17 2.92414 39 0.9039 2.02185 
109200 18 2.94596 41 0.807933 1.8884 
109300 17 3.00536 42 0.885753 1.98555 
109400 14 2.7913 35 0.883397 2.00722 
109500 15 2.9063 36 0.835171 1.91992 
109600 15 2.9026 39 0.877185 2 
109700 16 2.92951 43 0.835502 1.91827 
109800 15 2.91348 47 0.907418 2.033 
109900 15 2.89634 44 0.962273 2.12058 
110000 14 3.09371 46 0.833801 1.90096 
110100 17 2.86209 47 0.946162 2.09122 
110200 16 2.90906 44 0.920644 2.0584 
110300 15 2.87036 40 0.924131 2.05869 
110400 15 2.70356 42 1.02593 2.21671 
110500 14 2.75296 41 0.909465 2.06432 
110600 15 2.71974 43 0.930903 2.07194 
110700 15 2.70011 46 0.961151 2.14401 
110800 14 2.62008 38 0.867126 2.00882 
110900 15 2.83371 41 0.926964 2.05789 
111000 15 2.74647 41 0.892049 2.04506 
111100 16 2.69143 49 0.930384 2.09071 
111200 15 2.82601 42 0.865607 1.97861 
111300 16 2.77992 45 0.840819 1.96129 
111400 16 2.63397 43 0.932347 2.1038 
111500 14 2.84829 43 0.859551 1.98577 
111600 14 2.83958 42 0.853725 1.9659 
111700 15 2.73936 46 0.892078 2.03488 
111800 15 2.84926 45 0.86053 1.99128 
111900 16 2.88374 44 0.889842 2.00532 
112000 15 2.79725 43 0.861823 1.98051 
112100 16 2.89343 46 0.820051 1.92275 
112200 15 2.75936 41 0.839874 1.95689 
112300 15 2.74062 44 0.859798 1.97981 
112400 16 2.82173 48 0.889479 2.01775 
112500 17 2.79348 47 0.842899 1.95938 
112600 14 2.69017 47 0.919682 2.10291 
112700 14 2.64267 45 0.953949 2.14635 
112800 14 2.71668 45 0.81011 1.92168 
112900 15 2.59326 49 0.92467 2.10714 
113000 11 2.63166 42 0.946718 2.13067 
113100 13 2.68388 38 0.87837 2.00579 
113200 16 2.76295 45 0.884089 2.01028 
113300 13 2.62325 41 0.93636 2.10814 
113400 16 2.83615 44 0.845401 1.95442 
113500 12 2.62134 36 0.90554 2.0566 
113600 16 2.80874 40 0.913712 2.06283 
113700 15 2.68632 45 0.872214 2.01277 
113800 18 2.89035 50 0.881368 2.00413 
113900 17 2.78023 48 0.918793 2.07791 
114000 16 2.79203 50 0.920271 2.07 
114100 17 2.98584 45 0.823711 1.89987 
114200 19 2.86915 52 0.965091 2.15135 
114300 18 2.84927 54 0.942779 2.11761 
114400 16 2.91496 48 0.884256 1.98978 
114500 16 2.73552 47 0.906012 2.06016 
114600 14 2.7617 46 0.953868 2.12606 
114700 14 2.91942 43 0.851393 1.95544 
114800 13 2.76359 45 0.919285 2.08691 
114900 12 2.7306 45 0.974528 2.17073 
115000 13 2.84627 44 0.882599 2.03429 
115100 15 2.79131 44 0.885043 2.0252 
115200 14 2.85441 50 0.953644 2.14797 
115300 14 2.83137 41 0.835255 1.95873 
115400 14 2.95415 47 0.874656 1.99087 
115500 14 2.79862 48 0.95725 2.16239 
115600 14 2.81252 48 0.874079 2.01115 
115700 17 2.99536 56 0.894024 2.03174 
115800 18 2.943 61 0.940904 2.12005 
115900 15 2.78705 47 0.860021 1.98089 
116000 15 2.94893 52 0.917809 2.07041 
116100 16 2.89154 53 0.931125 2.1131 
116200 16 2.94029 49 0.866119 1.97957 
116300 15 3.00942 48 0.903591 2.04816 
116400 17 2.94754 51 0.963802 2.15996 
116500 15 2.89407 55 0.985343 2.19519 
116600 16 3.0231 52 0.906746 2.05385 
116700 16 2.98808 52 0.976051 2.17521 
116800 16 3.00944 51 0.99568 2.1971 
116900 15 3.01126 51 0.997991 2.19345 
117000 16 3.04347 56 0.995946 2.17677 
117100 14 3.02033 48 0.9936 2.18299 
117200 15 2.99442 52 0.99166 2.1971 
117300 15 3.07163 51 1.01713 2.24957 
117400 15 3.04838 50 1.00802 2.22457 
117500 13 2.85433 47 1.00864 2.23352 
117600 13 3.10341 47 1.00333 2.22321 
117700 13 2.95838 46 1.00543 2.23934 
117800 13 2.92443 47 1.00397 2.21729 
117900 14 2.96088 51 1.01457 2.22907 
118000 13 3.05446 52 1.02393 2.23842 
118100 13 2.90923 51 1.03797 2.28507 
118200 13 3.05167 51 0.96065 2.15143 
118300 14 2.96379 48 1.02682 2.27639 
118400 16 2.96118 57 1.01959 2.25896 
118500 13 3.00102 53 0.899145 2.06236 
118600 15 3.15274 69 1.00243 2.23196 
118700 13 2.96668 58 0.98466 2.19391 
118800 15 2.99419 67 0.953918 2.13553 
118900 15 3.05247 60 0.999382 2.21712 
119000 15 3.04789 57 0.98966 2.19273 
119100 15 2.93377 58 1.00175 2.21401 
119200 16 3.01235 78 1.01043 2.24151 
119300 15 2.99119 54 0.975788 2.1694 
119400 16 2.85517 60 1.01954 2.23373 
119500 16 3.02495 51 0.989236 2.17878 
119600 15 2.96293 60 0.979652 2.15632 
119700 17 3.03523 69 0.961468 2.14066 
119800 17 3.00404 74 0.942508 2.12073 
119900 19 3.02989 64 0.914523 2.07933 
120000 17 2.91183 62 0.946539 2.131 
120100 17 2.957 65 0.91603 2.08093 
120200 16 2.97307 57 0.953731 2.16627 
120300 19 3.04622 57 0.948053 2.14122 
120400 19 3.01466 67 0.951432 2.16023 
120500 19 2.99751 64 0.94585 2.15988 
120600 19 2.92315 63 0.96269 2.17668 
120700 15 2.86886 61 0.949673 2.15854 
120800 15 2.97009 50 0.943266 2.15827 
120900 17 2.98373 63 1.05922 2.33056 
121000 16 2.94299 52 0.999552 2.23811 
121100 18 2.95665 52 1.01744 2.26051 
121200 19 3.02102 54 0.948072 2.17817 
121300 16 2.92905 58 0.987052 2.22751 
121400 17 2.89577 55 0.922891 2.12807 
121500 18 3.0792 61 0.856549 2.03513 
121600 19 3.07547 52 0.988073 2.23473 
121700 17 2.91727 54 0.895006 2.07968 
121800 17 3.07319 56 0.915893 2.10505 
121900 16 2.97255 55 1.02554 2.27555 
122000 19 2.96017 59 0.957785 2.1721 
122100 15 2.91455 53 0.922166 2.09603 
122200 22 3.11486 66 0.985609 2.20367 
122300 21 3.00325 66 0.947006 2.12668 
122400 19 3.12279 60 0.894645 2.02677 
122500 20 3.24218 67 0.956114 2.12128 
122600 21 3.11277 66 0.948911 2.13542 
122700 20 3.09425 62 0.983973 2.1895 
122800 19 3.1048 57 0.919084 2.08396 
122900 19 3.01482 61 0.99657 2.20486 
123000 19 3.00226 62 0.972357 2.19417 
123100 21 3.1111 64 0.950139 2.13836 
123200 19 3.01463 66 0.979612 2.18191 
123300 19 2.99569 62 0.974157 2.16755 
123400 17 2.9696 51 0.95185 2.14036 
123500 20 3.14265 64 0.964236 2.15647 
123600 18 3.0001 59 0.959464 2.14378 
123700 18 3.01438 60 0.894501 2.0448 
123800 19 3.04348 53 0.918751 2.05934 
123900 18 3.02072 58 0.994928 2.1921 
124000 17 3.00072 56 0.944795 2.13642 
124100 17 3.07623 60 0.885732 2.0415 
124200 18 3.01099 69 0.899151 2.0677 
124300 18 3.06097 55 0.930296 2.11567 
124400 17 3.00528 63 0.836238 1.98477 
124500 16 2.99281 65 0.855515 1.98589 
124600 16 2.9426 66 0.933625 2.13498 
124700 16 3.15891 61 0.877043 2.02926 
124800 17 3.14204 61 0.881801 2.02023 
124900 18 2.97616 70 0.935577 2.1429 
125000 17 3.08493 68 0.829115 1.956 
125100 17 2.82203 57 0.825853 1.98046 
125200 17 2.9195 56 0.897943 2.08273 
125300 16 2.75036 54 0.835442 1.98862 
125400 19 3.02708 56 0.823254 1.9553 
125500 18 2.76514 61 0.846867 2.00224 
125600 17 2.8384 63 0.882205 2.03932 
125700 16 2.82049 51 0.802682 1.91125 
125800 18 2.77819 52 0.833468 1.9562 
125900 17 2.78064 59 0.852793 2.00195 
126000 18 2.94368 54 0.873707 2.0159 
126100 17 2.7703 45 0.857857 1.97329 
126200 18 2.91359 50 0.961017 2.15854 
126300 21 2.98519 52 0.940752 2.12637 
126400 17 2.81563 46 0.809905 1.90703 
126500 21 2.97598 59 0.949505 2.12594 
126600 20 2.96866 54 0.895045 2.03235 
126700 18 3.00438 61 0.805718 1.86174 
126800 20 2.99261 68 0.948431 2.12526 
126900 20 2.92532 52 0.855244 2.00226 
127000 19 2.95277 55 0.829625 1.93475 
127100 17 2.89007 60 0.919974 2.11616 
127200 18 3.03929 71 0.899012 2.06496 
127300 17 2.98942 57 0.853436 1.95896 
127400 21 2.96706 60 0.890106 2.04154 
127500 22 3.05311 67 0.9173 2.09194 
127600 20 3.06148 58 0.789245 1.85299 
127700 19 3.02146 55 0.907923 2.07051 
127800 21 3.06558 73 0.928619 2.10742 
127900 22 3.03878 65 0.8569 1.98062 
128000 21 3.1237 60 0.896616 2.02144 
128100 22 2.96364 65 0.892216 2.02322 
128200 21 3.02133 57 0.8404 1.89935 
128300 18 2.80436 53 0.81741 1.89136 
128400 19 2.97269 51 0.86875 1.9912 
128500 19 2.9776 57 0.835495 1.9426 
128600 18 3.05339 51 0.809772 1.89389 
128700 17 3.09642 51 0.924666 2.07249 
128800 18 3.08643 54 0.894314 2.0421 
128900 18 3.13326 57 0.827256 1.90862 
129000 16 3.00598 52 0.931996 2.09659 
129100 18 3.12746 54 0.889526 2.02539 
129200 17 3.09172 55 0.847064 1.93101 
129300 20 3.21407 56 0.957759 2.14488 
129400 16 3.09657 61 0.828256 1.92072 
129500 18 3.27616 59 0.876894 1.97993 
129600 17 3.15977 62 0.880025 1.99451 
129700 19 3.17422 58 0.964626 2.129 
129800 18 3.17713 52 0.882058 1.98949 
129900 18 3.08022 62 0.874448 1.99801 
130000 21 3.09045 61 0.927966 2.07781 
130100 20 3.13156 56 0.881356 2.00133 
130200 19 3.02236 53 0.888264 2.00808 
130300 18 3.02251 55 0.847883 1.92743 
130400 16 3.04003 56 0.855499 1.9535 
130500 19 3.05756 52 0.858031 1.9362 
130600 17 3.03765 54 0.913922 2.04715 
130700 16 2.97187 46 0.89781 2.02989 
130800 19 3.2112 54 0.925099 2.05576 
130900 20 2.88619 58 0.913358 2.07299 
131000 18 3.06137 53 0.892882 2.03768 
131100 18 3.12875 58 0.903012 2.049 
131200 17 2.95326 58 0.932918 2.09481 
131300 16 2.96063 52 0.935555 2.10899 
131400 18 3.0434 54 0.936347 2.11887 
131500 17 2.98326 59 0.900184 2.04832 
131600 17 2.84333 47 0.86627 1.99856 
131700 16 2.97837 44 0.84064 1.97127 
131800 17 2.86159 46 0.83262 1.94717 
131900 16 2.88292 44 0.847063 1.97031 
132000 16 2.91321 44 0.877806 2.03737 
132100 19 3.02019 50 0.839512 1.96888 
132200 17 2.823 42 0.872723 2.00246 
132300 19 2.93047 54 0.857373 2.00578 
132400 17 3.00785 48 0.808536 1.901 
132500 19 2.89267 60 0.774227 1.86936 
132600 18 2.9896 54 0.900244 2.07817 
132700 19 3.13068 61 0.812551 1.92688 
132800 17 3.01968 58 0.79695 1.88759 
132900 20 3.05002 56 0.920846 2.12611 
133000 19 3.03752 56 0.820015 1.95421 
133100 17 2.89167 56 0.802177 1.90483 
133200 18 2.98868 61 0.906573 2.06196 
133300 18 3.06634 58 0.927733 2.09071 
133400 18 3.02302 60 0.834136 1.96498 
133500 19 3.10159 62 0.958633 2.13999 
133600 19 3.06452 57 0.932073 2.12224 
133700 17 3.06418 52 0.884988 2.03259 
133800 18 2.92944 56 0.942814 2.14747 
133900 17 2.98704 55 0.95716 2.1682 
134000 15 2.94009 53 0.835589 1.96633 
134100 16 2.84432 51 0.872945 2.03497 
134200 15 2.88209 53 0.90482 2.07382 
134300 16 2.87426 51 0.841235 1.97421 
134400 15 2.8265 49 0.859929 2.02306 
134500 16 2.78878 58 0.971155 2.19239 
134600 16 2.80444 51 0.839488 1.98723 
134700 15 2.7873 50 0.892629 2.06582 
134800 15 2.70732 48 0.95474 2.17658 
134900 15 2.73409 47 0.925452 2.12167 
135000 15 2.72283 45 0.915285 2.1098 
135100 14 2.72063 45 0.913456 2.11413 
135200 14 2.77071 46 0.80167 1.9259 
135300 14 2.72541 44 0.84554 1.98653 
135400 14 2.78373 44 0.849526 1.97045 
135500 15 2.75518 49 0.880712 2.04252 
135600 15 2.79363 49 0.871582 2.02701 
135700 16 2.89996 47 0.813937 1.91726 
135800 16 2.83543 48 0.897881 2.05289 
135900 16 2.92068 49 0.86332 2.01985 
136000 14 2.91195 49 0.901527 2.07572 
136100 15 2.93533 51 0.929572 2.12056 
136200 16 2.96619 53 0.934589 2.14619 
136300 16 2.88534 53 0.878113 2.04924 
136400 17 2.90042 52 0.889008 2.07646 
136500 18 2.88647 51 0.805598 1.94372 
136600 19 2.99454 47 0.813214 1.94493 
136700 18 2.92171 52 0.848623 2.00702 
136800 19 2.89496 49 0.859263 2.04095 
136900 19 2.76377 52 0.871426 2.06075 
137000 17 2.87063 48 0.839388 2.00889 
137100 19 2.92006 51 0.886809 2.08197 
137200 19 2.83554 52 0.860885 2.0385 
137300 20 2.83009 54 0.845788 2.02866 
137400 15 2.81041 49 0.950592 2.1767 
137500 17 2.88548 53 0.967896 2.21791 
137600 18 2.85625 51 0.906226 2.13027 
137700 17 2.74894 52 0.953633 2.21234 
137800 14 2.76192 45 0.880298 2.09653 
137900 17 2.71141 48 0.921824 2.15066 
138000 15 2.80467 51 0.946515 2.19323 
138100 12 2.76356 48 0.925771 2.14803 
138200 12 2.83386 46 0.96464 2.18904 
138300 16 2.87234 48 1.00215 2.2654 
138400 19 2.98628 63 1.00784 2.2763 
138500 17 2.8795 57 0.949028 2.17253 
138600 20 3.07258 70 0.98555 2.23242 
138700 21 3.18533 74 1.01378 2.28015 
138800 19 3.13983 70 1.00425 2.25379 
138900 17 3.00457 67 0.98876 2.23212 
139000 20 3.12779 70 0.934569 2.12099 
139100 19 3.10087 70 0.993608 2.25588 
139200 21 3.0435 76 0.904515 2.09137 
139300 18 3.00875 57 0.960264 2.16521 
139400 20 3.0939 72 1.01504 2.28049 
139500 21 3.09176 67 1.05253 2.34597 
139600 20 3.09492 65 1.0663 2.36959 
139700 19 3.0508 67 1.06048 2.35191 
139800 21 3.05637 62 0.940351 2.16451 
139900 23 3.19052 65 1.07981 2.39913 
140000 20 3.1258 63 0.98755 2.24034 
140100 19 2.99844 59 0.882705 2.05528 
140200 20 3.11603 66 1.01651 2.27549 
140300 21 3.11715 63 1.00216 2.26093 
140400 20 3.08358 68 0.996947 2.2448 
140500 19 2.93703 57 1.03467 2.31226 
140600 21 3.19315 63 1.07019 2.36425 
140700 23 3.25992 75 1.01847 2.2717 
140800 22 3.1322 77 1.03671 2.2945 
140900 17 3.05033 62 1.05288 2.32738 
141000 19 3.23244 68 1.03369 2.29234 
141100 18 3.21057 70 1.07234 2.35284 
141200 19 3.09147 65 1.03493 2.29503 
141300 19 3.10658 61 0.981522 2.20158 
141400 19 3.35057 68 1.0122 2.26526 
141500 21 3.28966 61 1.08972 2.41651 
141600 20 3.21409 66 1.02784 2.28891 
141700 21 3.34964 70 0.983507 2.22385 
141800 22 3.41884 71 1.08309 2.39026 
141900 19 3.32684 64 0.971097 2.19698 
142000 20 3.29767 68 0.980959 2.19916 
142100 19 3.33513 65 1.04837 2.32551 
142200 20 3.39492 72 1.04167 2.31854 
142300 19 3.35166 59 1.0129 2.26524 
142400 20 3.40494 64 1.07437 2.38136 
142500 19 3.36447 65 1.15052 2.51232 
142600 19 3.3222 66 0.960434 2.20165 
142700 19 3.42581 67 1.06294 2.3533 
142800 20 3.47896 76 1.17499 2.56809 
142900 22 3.48341 76 1.0514 2.33984 
143000 21 3.3809 76 1.03757 2.30121 
143100 21 3.52417 82 1.1281 2.47507 
143200 21 3.49141 83 1.07251 2.37131 
143300 20 3.44656 78 0.973166 2.17614 
143400 19 3.36387 75 1.03261 2.2821 
143500 21 3.51308 82 1.06823 2.35331 
143600 21 3.47075 76 0.978604 2.20424 
143700 21 3.26811 71 1.07293 2.36365 
143800 22 3.38165 77 1.11301 2.41712 
143900 21 3.5253 68 1.0961 2.4078 
144000 23 3.42644 87 1.10735 2.44716 
144100 22 3.36167 83 1.11495 2.44178 
144200 19 3.36067 74 1.02908 2.29889 
144300 21 3.62259 83 1.12371 2.4483 
144400 20 3.52779 85 1.06536 2.37646 
144500 19 3.42677 67 0.966335 2.15262 
144600 21 3.63122 78 1.046 2.3464 
144700 21 3.64255 81 1.08823 2.39984 
144800 21 3.54154 71 0.970185 2.17948 
144900 21 3.63455 70 0.924131 2.09457 
145000 22 3.60589 70 1.07345 2.3721 
145100 20 3.58658 65 1.05599 2.33479 
145200 21 3.53291 72 1.01979 2.25711 
145300 20 3.5879 69 1.11523 2.43478 
145400 21 3.59878 78 1.0255 2.2853 
145500 20 3.52653 67 1.00713 2.21655 
145600 22 3.51795 67 1.0054 2.23177 
145700 22 3.60528 73 1.0665 2.32395 
145800 22 3.55364 68 1.07889 2.33132 
145900 21 3.53207 64 1.11176 2.37929 
146000 23 3.51404 68 1.08923 2.36701 
146100 22 3.66077 71 1.1287 2.46016 
146200 21 3.55972 63 1.10208 2.40767 
146300 21 3.59684 67 1.12634 2.43175 
146400 22 3.64205 68 1.11719 2.4393 
146500 21 3.65296 68 1.1722 2.54538 
146600 23 3.47996 69 1.07728 2.38906 
146700 21 3.53198 62 1.06226 2.3521 
146800 20 3.54455 63 1.11785 2.4573 
146900 21 3.48049 66 1.11251 2.45038 
147000 18 3.41631 55 1.12764 2.46117 
147100 21 3.51678 68 1.2091 2.60983 
147200 21 3.53033 68 1.1174 2.45877 
147300 21 3.50446 73 1.0825 2.38052 
147400 24 3.56233 72 1.06664 2.36556 
147500 24 3.64371 73 1.0972 2.395 
147600 21 3.53316 65 1.12167 2.43448 
147700 19 3.51746 66 1.18699 2.5401 
147800 19 3.59611 70 1.1968 2.56866 
147900 22 3.59893 72 1.12559 2.4336 
148000 20 3.59091 75 1.16508 2.50181 
148100 22 3.56523 68 1.2261 2.62349 
148200 21 3.49071 64 1.12948 2.48184 
148300 22 3.62919 66 1.15094 2.50655 
148400 23 3.46283 66 1.19275 2.58635 
148500 22 3.61802 70 1.09231 2.40036 
148600 23 3.55258 69 1.16825 2.55181 
148700 23 3.51242 70 1.25576 2.69633 
148800 22 3.6295 72 1.17015 2.55613 
148900 22 3.56929 65 1.17459 2.56862 
149000 22 3.5388 70 1.29692 2.77895 
149100 21 3.54165 74 1.27264 2.73169 
149200 20 3.65768 70 1.18116 2.55628 
149300 19 3.44006 75 1.24124 2.66438 
149400 20 3.53915 68 1.32455 2.83258 
149500 20 3.57016 62 1.28528 2.75796 
149600 21 3.49619 69 1.26723 2.72153 
149700 20 3.50844 65 1.30986 2.81229 
149800 21 3.62887 68 1.22065 2.66972 
149900 23 3.57177 72 1.1985 2.60705 
150000 26 3.63068 80 1.23287 2.66095 
150100 23 3.56726 74 1.18354 2.59503 
150200 24 3.68535 80 1.18272 2.58935 
150300 22 3.59296 70 1.15114 2.54 
150400 25 3.67176 79 1.07464 2.37605 
150500 27 3.79137 83 1.21173 2.63876 
150600 26 3.75724 86 1.18403 2.57857 
150700 23 3.69036 88 1.14132 2.50707 
150800 27 3.78073 87 1.19858 2.59755 
150900 29 3.82148 98 1.23552 2.65916 
151000 25 3.66746 96 1.1533 2.5435 
151100 24 3.71194 91 1.0475 2.32034 
151200 25 3.77753 84 1.09274 2.40613 
151300 26 3.78673 100 1.1911 2.58021 
151400 24 3.80285 89 1.08834 2.39751 
151500 25 3.75144 84 1.07431 2.33495 
151600 24 3.69301 85 1.18196 2.5847 
151700 21 3.73157 79 1.18672 2.58008 
151800 21 3.60721 83 1.11869 2.45307 
151900 21 3.57926 79 1.16064 2.55231 
152000 25 3.71421 90 1.23353 2.66183 
152100 22 3.58494 83 1.23151 2.66627 
152200 22 3.48153 77 1.19396 2.62695 
152300 23 3.63675 73 1.16319 2.56797 
152400 23 3.60118 81 1.22857 2.67908 
152500 23 3.55862 82 1.22793 2.68544 
152600 23 3.49184 76 1.20181 2.61844 
152700 22 3.63513 72 1.1564 2.53797 
152800 22 3.49818 78 1.30146 2.80039 
152900 24 3.63039 85 1.1573 2.53784 
153000 22 3.47943 73 1.25779 2.71854 
153100 23 3.6873 88 1.24928 2.71471 
153200 23 3.70802 97 1.2493 2.70262 
153300 21 3.5911 79 1.17759 2.60048 
153400 20 3.74231 74 1.19031 2.58099 
153500 20 3.59529 73 1.23664 2.69448 
153600 21 3.66809 79 1.18528 2.58196 
153700 21 3.60987 74 1.17151 2.54495 
153800 20 3.63144 76 1.2387 2.69362 
153900 21 3.57833 75 1.28023 2.75008 
154000 20 3.61845 79 1.28242 2.7598 
154100 20 3.74997 88 1.19206 2.57574 
154200 20 3.62055 85 1.31799 2.82841 
154300 20 3.77449 67 1.19595 2.55856 
154400 22 3.60953 76 1.2023 2.58921 
154500 23 3.75215 88 1.23955 2.67044 
154600 22 3.65308 81 1.23944 2.68766 
154700 20 3.69765 75 1.09331 2.4275 
154800 19 3.68782 80 1.13758 2.4763 
154900 19 3.66072 82 1.26837 2.73474 
155000 21 3.68415 85 1.27604 2.7494 
155100 20 3.74092 84 1.1777 2.56957 
155200 20 3.71858 73 1.14134 2.50251 
155300 23 3.6117 85 1.36843 2.92687 
155400 23 3.72488 77 1.2216 2.66833 
155500 19 3.71678 73 1.14334 2.51011 
155600 23 3.75078 81 1.17963 2.58815 
155700 25 3.73193 85 1.31271 2.82718 
155800 21 3.76625 73 1.09267 2.4544 
155900 25 3.75465 81 1.17757 2.58263 
156000 24 3.78484 81 1.20829 2.65644 
156100 22 3.64933 82 1.23153 2.69111 
156200 24 3.80528 83 1.09093 2.42684 
156300 21 3.71728 78 1.15367 2.5394 
156400 24 3.68348 96 1.21652 2.69208 
156500 22 3.69939 82 1.27454 2.76888 
156600 25 3.84316 84 1.10768 2.45713 
156700 23 3.80808 80 1.23185 2.68491 
156800 23 3.74781 74 1.28786 2.79502 
156900 21 3.70816 69 1.1501 2.55408 
157000 23 3.71672 74 1.21338 2.64009 
157100 25 3.67599 80 1.30271 2.82442 
157200 23 3.6351 77 1.24846 2.73475 
157300 23 3.78299 75 1.09527 2.44563 
157400 23 3.72322 77 1.15336 2.53321 
157500 24 3.73945 86 1.27128 2.76558 
157600 24 3.74952 90 1.24607 2.71306 
157700 25 3.7301 82 1.06306 2.40104 
157800 23 3.707 88 1.23559 2.68979 
157900 24 3.70409 91 1.20204 2.65938 
158000 23 3.67614 83 1.13037 2.51271 
158100 24 3.62953 86 1.13479 2.53473 
158200 25 3.77359 87 1.23236 2.69837 
158300 28 3.65517 89 1.28389 2.80168 
158400 28 3.8627 91 1.13198 2.53188 
158500 25 3.78459 83 1.19009 2.61194 
158600 24 3.79206 89 1.2943 2.80187 
158700 25 3.71594 79 1.26596 2.75231 
158800 24 3.76543 80 1.12729 2.51693 
158900 26 3.77111 78 1.17131 2.58788 
159000 28 3.62468 83 1.31722 2.86579 
159100 26 3.66926 88 1.2003 2.65823 
159200 27 3.75835 83 1.09582 2.45407 
159300 27 3.60825 80 1.32591 2.87382 
159400 25 3.47588 82 1.35392 2.93782 
159500 23 3.61242 78 1.20903 2.67056 
159600 22 3.7847 67 1.16635 2.54137 
159700 22 3.5276 78 1.36319 2.91126 
159800 22 3.7327 73 1.22236 2.65284 
159900 22 3.64693 64 1.14976 2.49782 
160000 20 3.72434 75 1.17228 2.55639 
160100 21 3.76937 78 1.2544 2.69469 
160200 21 3.73151 65 1.20862 2.61049 
160300 21 3.82627 79 1.17762 2.5667 
160400 21 3.78074 76 1.25317 2.68856 
160500 23 3.75175 69 1.31561 2.80475 
160600 25 3.80568 81 1.22801 2.66331 
160700 25 3.75843 78 1.25658 2.69461 
160800 26 3.79989 80 1.22863 2.642 
160900 22 3.67428 86 1.26969 2.7184 
161000 23 3.75677 88 1.19127 2.58921 
161100 25 3.80177 83 1.19448 2.57527 
161200 24 3.84639 94 1.19939 2.60624 
161300 24 3.76305 88 1.20811 2.61586 
161400 23 3.75219 81 1.26032 2.69607 
161500 22 3.63762 87 1.29597 2.75941 
161600 22 3.66194 86 1.27824 2.71321 
161700 23 3.77401 78 1.14904 2.50855 
161800 26 3.65936 92 1.22415 2.64448 
161900 24 3.78766 97 1.18378 2.57036 
162000 24 3.72644 87 1.12653 2.49133 
162100 22 3.64667 83 1.07914 2.39798 
162200 25 3.6175 85 1.23501 2.68746 
162300 22 3.58701 72 1.16338 2.5437 
162400 25 3.63345 81 1.15884 2.55533 
162500 24 3.71402 84 1.1583 2.50801 
162600 23 3.63412 79 1.24223 2.69022 
162700 21 3.68899 71 1.20995 2.60539 
162800 25 3.64097 84 1.14839 2.50792 
162900 29 3.73301 88 1.23164 2.65488 
163000 26 3.67559 86 1.2499 2.6958 
163100 22 3.56524 84 1.19639 2.59631 
163200 24 3.74252 90 1.1581 2.51738 
163300 20 3.51523 84 1.24979 2.67826 
163400 23 3.6825 90 1.23133 2.67598 
163500 24 3.70766 97 1.16334 2.51971 
163600 22 3.70152 80 1.20446 2.5627 
163700 26 3.67946 83 1.17639 2.55575 
163800 21 3.67972 65 1.20719 2.59305 
163900 25 3.61522 71 1.0838 2.38237 
164000 23 3.68211 78 1.23782 2.62879 
164100 24 3.72428 77 1.17223 2.56617 
164200 25 3.78273 82 1.18058 2.52749 
164300 24 3.74578 79 1.19457 2.55841 
164400 25 3.78586 84 1.12413 2.44059 
164500 24 3.87959 85 1.1201 2.44283 
164600 26 3.80557 84 1.1209 2.42226 
164700 26 3.79325 81 1.12102 2.42183 
164800 25 3.82879 76 1.11957 2.46242 
164900 27 3.87635 81 1.16734 2.53025 
165000 26 3.81076 85 1.195 2.5655 
165100 25 3.82007 81 1.07113 2.35623 
165200 26 3.74819 71 1.13175 2.48912 
165300 25 3.77534 78 1.15236 2.49805 
165400 27 3.79481 72 1.10816 2.40173 
165500 23 3.71514 62 1.06614 2.34855 
165600 23 3.72715 84 1.17692 2.54776 
165700 27 3.71852 78 1.14413 2.46502 
165800 26 3.77989 88 1.06589 2.31638 
165900 22 3.73242 81 1.06415 2.33156 
166000 26 3.86066 97 1.1364 2.44361 
166100 25 3.74783 76 1.15455 2.47875 
166200 21 3.78636 84 1.08475 2.3631 
166300 24 3.8084 85 1.22889 2.6212 
166400 22 3.76628 81 1.26132 2.66964 
166500 21 3.75669 79 1.16937 2.49934 
166600 20 3.73827 78 1.24957 2.64525 
166700 20 3.7685 78 1.2467 2.62752 
166800 21 3.63796 70 1.36057 2.83096 
166900 25 3.7803 80 1.1857 2.51817 
167000 25 3.72342 68 1.27295 2.70167 
167100 28 3.8479 85 1.24242 2.63294 
167200 28 3.80284 74 1.25093 2.63624 
167300 28 3.93387 77 1.09358 2.37139 
167400 25 3.85457 72 1.22011 2.59174 
167500 31 3.9047 93 1.2736 2.66327 
167600 29 3.8462 80 1.11882 2.40501 
167700 27 3.92215 77 1.23064 2.57594 
167800 28 3.86269 82 1.24107 2.59878 
167900 24 3.82074 71 1.24766 2.59649 
168000 24 3.72326 68 1.16799 2.45554 
168100 25 3.93672 74 1.18322 2.49272 
168200 25 3.69925 68 1.23369 2.60866 
168300 27 3.85307 76 1.11366 2.37329 
168400 26 3.87573 67 1.16923 2.48083 
168500 24 3.82473 70 1.25525 2.62542 
168600 26 3.75263 78 1.11954 2.39012 
168700 25 3.76879 83 1.07117 2.29835 
168800 26 3.88491 75 1.08444 2.35217 
168900 28 3.81468 85 1.18985 2.55225 
169000 29 3.97426 87 1.07508 2.31934 
169100 27 3.71942 77 1.10126 2.37658 
169200 30 3.81835 77 1.18587 2.54229 
169300 28 3.81791 80 1.09942 2.39765 
169400 29 3.8722 83 1.13652 2.4543 
169500 26 3.83036 78 1.07369 2.33481 
169600 24 3.82102 69 1.15039 2.46788 
169700 26 3.84457 69 1.03887 2.27426 
169800 26 3.87086 76 1.12108 2.39664 
169900 26 3.86364 76 1.15406 2.47851 
170000 27 4.03577 75 1.18148 2.52047 
170100 28 3.98901 74 1.14297 2.47547 
170200 25 3.8985 64 1.07848 2.30554 
170300 27 3.99153 67 1.19843 2.53545 
170400 24 3.98985 69 1.19647 2.5574 
170500 28 4.02859 72 1.11656 2.42403 
170600 29 4.04161 68 1.07851 2.34266 
170700 30 3.89511 75 1.09901 2.39462 
170800 25 3.89647 74 1.22463 2.6286 
170900 25 3.82007 78 1.12081 2.43528 
171000 29 3.95775 79 1.10206 2.39312 
171100 28 3.83576 85 1.08966 2.39244 
171200 27 3.95301 81 1.10336 2.4015 
171300 28 3.9391 89 1.1665 2.50969 
171400 27 3.90422 84 1.08828 2.39197 
171500 26 3.95443 83 1.0926 2.38045 
171600 26 3.8543 80 1.09717 2.42075 
171700 25 3.97388 90 1.07866 2.37618 
171800 25 3.97882 84 1.12168 2.44028 
171900 23 3.80174 91 1.10274 2.42202 
172000 25 3.89587 93 1.16824 2.5267 
172100 24 3.85606 81 1.0788 2.3876 
172200 27 3.94214 106 1.19765 2.57071 
172300 27 3.92186 102 1.1344 2.4788 
172400 29 3.95468 105 1.12664 2.44477 
172500 29 3.97217 117 1.12037 2.43861 
172600 31 3.96898 113 1.11331 2.40189 
172700 31 3.9746 112 1.12348 2.45475 
172800 29 4.00947 103 1.09996 2.38069 
172900 25 3.86587 115 1.15342 2.49908 
173000 28 3.93964 108 1.09861 2.39471 
173100 27 3.8596 94 1.06377 2.32606 
173200 28 3.8072 99 1.24013 2.64069 
173300 26 3.87143 98 1.2331 2.63554 
173400 27 3.93195 99 1.01975 2.26471 
173500 25 3.91415 90 1.11364 2.37995 
173600 29 3.93343 98 1.19397 2.55477 
173700 27 3.91304 90 1.23444 2.60948 
173800 31 3.92305 102 1.16037 2.47492 
173900 28 3.92401 89 1.14923 2.4572 
174000 26 3.80989 86 1.05629 2.33581 
174100 25 3.85727 96 1.12018 2.40969 
174200 23 3.80345 93 1.08353 2.36374 
174300 24 3.81868 83 1.19509 2.55605 
174400 26 3.88476 89 1.07445 2.33213 
174500 25 3.78619 78 1.12238 2.40227 
174600 29 3.87324 84 1.12708 2.4195 
174700 28 3.83621 89 1.18319 2.53985 
174800 29 3.94873 91 1.17584 2.51715 
174900 24 3.80435 90 1.18116 2.52634 
175000 24 3.82832 90 1.1496 2.49155 
175100 27 3.71176 93 1.26623 2.68093 
175200 25 3.79312 88 1.2771 2.68547 
175300 26 3.71699 98 1.21907 2.61497 
175400 29 3.7347 89 1.16181 2.53053 
175500 22 3.65246 100 1.25118 2.68809 
175600 23 3.65111 96 1.27021 2.70705 
175700 28 3.73145 114 1.26924 2.73194 
175800 23 3.62324 99 1.11544 2.45827 
175900 32 3.78307 110 1.18871 2.57379 
176000 28 3.85869 105 1.22582 2.63556 
176100 26 3.80648 90 1.24337 2.65497 
176200 30 3.92983 85 1.23035 2.61738 
176300 31 3.91392 99 1.26121 2.68082 
176400 30 3.9357 97 1.23389 2.65488 
176500 30 3.84398 100 1.22993 2.63134 
176600 27 3.91852 99 1.24072 2.62876 
176700 29 3.96245 106 1.24249 2.65398 
176800 26 3.90625 96 1.0732 2.36787 
176900 28 3.94432 100 1.06912 2.3503 
177000 28 3.8965 103 1.21473 2.58318 
177100 28 3.91999 111 1.17735 2.5464 
177200 26 3.94936 95 1.10263 2.38498 
177300 26 4.01916 98 1.15859 2.48064 
177400 25 3.87796 100 1.15441 2.46243 
177500 29 3.85492 96 1.19043 2.5298 
177600 27 3.91953 97 1.21166 2.55987 
177700 27 3.89636 99 1.17823 2.51247 
177800 24 3.87995 83 1.10894 2.37352 
177900 28 3.92615 94 1.15974 2.46445 
178000 28 3.94517 104 1.27086 2.66325 
178100 22 3.81884 85 1.18691 2.51278 
178200 23 3.87537 91 1.06662 2.30698 
178300 22 3.851 82 1.10974 2.36765 
178400 28 3.85273 95 1.09555 2.38136 
178500 29 3.93966 104 1.14309 2.46336 
178600 27 3.92392 104 1.09783 2.38575 
178700 25 4.04876 98 1.0854 2.34652 
178800 25 3.94658 101 1.0173 2.24509 
178900 26 3.98476 108 1.06861 2.31472 
179000 25 3.79663 108 1.12151 2.42526 
179100 23 3.87326 99 1.13282 2.42939 
179200 26 3.81788 107 1.10976 2.39768 
179300 25 3.89172 108 1.11374 2.44053 
179400 25 3.81237 114 1.15761 2.50505 
179500 26 3.69356 107 1.13154 2.46411 
179600 25 3.83672 117 1.20438 2.57611 
179700 23 3.85237 99 1.13736 2.44607 
179800 25 3.74485 97 1.00659 2.2344 
179900 23 3.74569 99 1.19385 2.5553 
180000 23 3.71611 101 1.181 2.54452 
180100 23 3.80495 87 1.12213 2.4404 
180200 21 3.75824 88 0.997058 2.2397 
180300 26 3.65045 100 1.06585 2.35562 
180400 22 3.75108 91 1.18716 2.55594 
180500 23 3.71634 103 1.23752 2.65422 
180600 25 3.77278 102 1.06721 2.34962 
180700 22 3.73329 89 1.00689 2.22194 
180800 22 3.7287 92 1.08894 2.40942 
180900 21 3.76104 87 1.12493 2.45181 
181000 23 3.68397 96 1.15633 2.51316 
181100 22 3.71002 93 1.03936 2.29246 
181200 20 3.797 98 1.05782 2.35626 
181300 21 3.7962 88 1.22364 2.62463 
181400 23 3.81945 97 1.13476 2.47197 
181500 22 3.67418 95 1.03113 2.31744 
181600 23 3.83441 105 1.14006 2.49112 
181700 20 3.90064 100 1.10144 2.43429 
181800 23 3.87935 94 1.15516 2.5087 
181900 26 3.89378 96 1.04427 2.33924 
182000 24 3.81314 104 1.22528 2.65759 
182100 23 3.84413 94 1.16652 2.56595 
182200 23 3.95887 95 1.18901 2.58747 
182300 24 3.95009 102 1.19874 2.6103 
182400 27 3.7678 97 1.15614 2.55657 
182500 24 3.84949 102 1.14743 2.49207 
182600 24 3.77441 98 1.21511 2.64217 
182700 24 3.83393 97 1.1678 2.53584 
182800 24 3.81964 100 1.13543 2.48679 
182900 26 3.79265 97 1.16781 2.52151 
183000 24 3.81784 99 1.2144 2.62982 
183100 25 3.85727 110 1.14611 2.49654 
183200 21 3.80325 107 1.1186 2.46228 
183300 21 3.80809 109 1.0944 2.39191 
183400 23 3.71608 98 1.09423 2.41276 
183500 21 3.74163 101 1.10448 2.41665 
183600 24 3.87201 110 1.12975 2.46664 
183700 22 3.76949 103 1.04483 2.33219 
183800 24 3.79997 100 1.12428 2.46317 
183900 26 3.9079 103 1.14856 2.50365 
184000 26 3.84042 105 1.08848 2.41995 
184100 26 3.7868 102 1.03612 2.34797 
184200 24 3.9074 100 1.16515 2.51211 
184300 24 3.86241 96 1.15027 2.49156 
184400 23 3.8742 89 1.07916 2.38339 
184500 22 3.85507 86 1.10629 2.44835 
184600 23 3.86476 95 1.20291 2.60609 
184700 24 3.87746 92 1.13868 2.48999 
184800 20 3.87935 93 1.17408 2.55849 
184900 23 3.87797 94 1.14096 2.49411 
185000 22 3.79673 79 1.06522 2.35047 
185100 26 3.95084 85 1.11139 2.43135 
185200 23 3.91734 88 1.17685 2.54466 
185300 20 3.9022 84 1.13567 2.45562 
185400 24 3.86843 84 1.03486 2.26168 
185500 24 3.97167 91 1.10843 2.40999 
185600 25 3.94238 100 1.20187 2.60288 
185700 24 3.93889 91 1.19904 2.56357 
185800 23 3.9328 103 1.14502 2.48076 
185900 26 3.93644 101 1.22105 2.63532 
186000 25 3.89503 98 1.12648 2.50706 
186100 22 3.95552 101 1.11183 2.4472 
186200 27 3.92558 97 1.14595 2.50568 
186300 23 3.80121 100 1.27888 2.74571 
186400 24 4.0038 107 1.17407 2.56134 
186500 22 3.83134 84 1.22383 2.62629 
186600 23 3.87665 89 1.24419 2.66411 
186700 22 3.70837 100 1.3604 2.89152 
186800 24 3.89958 111 1.27315 2.70804 
186900 27 3.97923 106 1.19569 2.59453 
187000 26 3.92353 110 1.2383 2.65782 
187100 24 3.89692 105 1.25683 2.6753 
187200 26 3.76348 116 1.29361 2.74948 
187300 26 3.82952 117 1.28263 2.71927 
187400 29 4.02446 114 1.17434 2.52668 
187500 28 3.89371 99 1.14219 2.46586 
187600 28 3.99075 108 1.17406 2.54087 
187700 23 3.77443 93 1.2582 2.69239 
187800 27 3.93644 111 1.26546 2.67757 
187900 25 4.01379 103 1.21548 2.59529 
188000 27 4.0218 115 1.22803 2.62398 
188100 29 4.05325 97 1.17211 2.49926 
188200 30 3.88534 107 1.17002 2.51411 
188300 30 4.07527 103 1.16996 2.52944 
188400 30 4.05788 104 1.03429 2.28938 
188500 25 3.93849 109 1.03001 2.2757 
188600 28 4.06671 108 1.1606 2.49433 
188700 26 3.95893 121 1.12316 2.45432 
188800 27 4.01647 106 1.10674 2.39581 
188900 23 4.01451 102 1.08373 2.38158 
189000 20 3.86345 103 1.05366 2.34451 
189100 24 3.89909 103 1.10822 2.44506 
189200 22 3.7898 95 1.20581 2.58408 
189300 24 3.85703 101 1.18862 2.56316 
189400 24 3.95203 97 1.11259 2.4427 
189500 24 3.76016 90 1.11056 2.42766 
189600 23 3.90507 97 1.17265 2.54447 
189700 26 3.76368 106 1.19639 2.58281 
189800 24 3.83398 95 1.16132 2.51936 
189900 21 3.85585 97 1.13066 2.44363 
190000 22 3.84492 106 1.18225 2.50857 
190100 25 3.88428 99 1.19247 2.52725 
190200 23 3.71983 98 1.16157 2.48908 
190300 23 3.78259 91 1.21575 2.59014 
190400 26 3.84809 88 1.12293 2.43474 
190500 25 3.89484 93 1.17932 2.55106 
190600 23 3.81765 93 1.26303 2.68982 
190700 24 3.70973 89 1.20857 2.59939 
190800 23 3.89582 107 1.16147 2.51287 
190900 22 3.80043 94 1.1513 2.47938 
191000 22 3.77666 100 1.24839 2.66673 
191100 22 3.75707 90 1.21728 2.60477 
191200 21 3.7587 95 1.19211 2.56809 
191300 22 3.9083 97 1.13967 2.48022 
191400 24 3.84991 95 1.06299 2.35647 
191500 24 3.89572 95 1.09296 2.38673 
191600 23 3.95673 95 1.08154 2.34971 
191700 22 3.9223 103 1.05898 2.32563 
191800 24 3.98364 99 1.0764 2.3499 
191900 22 3.90851 96 1.05057 2.33178 
192000 22 3.95693 92 1.14254 2.44559 
192100 23 3.90108 96 1.11233 2.41085 
192200 22 3.83779 101 1.09718 2.38391 
192300 24 3.9938 110 1.14521 2.47828 
192400 23 3.90436 105 1.17968 2.53136 
192500 25 3.69107 91 1.2333 2.62557 
192600 25 3.8087 103 1.22324 2.62626 
192700 24 3.83651 84 1.25454 2.66602 
192800 24 3.80426 91 1.17795 2.53292 
192900 22 3.6468 86 1.22787 2.6117 
193000 23 3.66776 90 1.29462 2.72926 
193100 24 3.73161 98 1.19954 2.59179 
193200 22 3.69987 88 1.1652 2.53512 
193300 24 3.8783 85 1.0567 2.32393 
193400 28 3.74374 88 1.24373 2.63576 
193500 25 3.78598 84 1.2748 2.7022 
193600 25 3.75447 84 1.21245 2.59842 
193700 24 3.77595 74 1.13392 2.42993 
193800 23 3.93971 72 1.08651 2.36646 
193900 21 3.66027 81 1.29948 2.73149 
194000 25 3.71016 91 1.26714 2.69958 
194100 27 3.9629 106 1.12497 2.44944 
194200 25 3.87296 89 1.15923 2.51573 
194300 26 3.95922 85 1.1468 2.50759 
194400 23 3.74205 78 1.13698 2.45816 
194500 27 3.8387 96 1.12204 2.4398 
194600 27 3.99686 92 1.16977 2.4954 
194700 27 3.93807 97 1.09772 2.41391 
194800 27 3.93714 92 1.0585 2.3412 
194900 27 3.97317 94 1.03993 2.31037 
195000 27 3.93738 89 1.10402 2.39522 
195100 28 3.87765 97 1.10539 2.38922 
195200 29 3.96975 101 1.13061 2.43416 
195300 26 3.92971 90 1.13739 2.43312 
195400 29 3.91025 94 1.12087 2.41587 
195500 28 3.86412 95 1.10299 2.37718 
195600 31 3.86628 107 1.14839 2.46627 
195700 29 3.90604 95 1.13813 2.44773 
195800 25 3.88812 100 1.14301 2.46999 
195900 25 3.79072 97 1.12966 2.43335 
196000 24 3.8493 100 1.15272 2.47981 
196100 24 3.83517 91 1.09957 2.41583 
196200 21 3.80606 111 1.05961 2.3316 
196300 23 3.83171 104 1.09628 2.39528 
196400 25 3.7122 106 1.10992 2.40307 
196500 23 3.86469 100 1.10922 2.41874 
196600 23 3.86843 106 1.02307 2.27039 
196700 23 3.77892 104 1.11696 2.44434 
196800 23 3.87739 110 1.17455 2.52111 
196900 23 3.7138 89 1.12877 2.46262 
197000 24 3.79388 87 1.08292 2.37939 
197100 26 3.84873 95 1.09884 2.41587 
197200 27 3.89156 115 1.07861 2.37222 
197300 24 3.86937 108 1.08083 2.36439 
197400 22 3.88867 95 1.1485 2.5001 
197500 25 3.89513 107 1.1917 2.58348 
197600 23 3.89947 99 1.10822 2.43585 
197700 25 3.80373 100 1.12435 2.45906 
197800 23 3.89775 96 1.1389 2.47978 
197900 25 3.89929 97 1.0971 2.39956 
198000 23 3.8382 90 1.13382 2.45738 
198100 27 3.89001 94 1.06012 2.31726 
198200 22 3.91395 94 1.17516 2.53578 
198300 25 3.80756 83 1.10728 2.39471 
198400 25 3.87268 91 1.11869 2.4244 
198500 25 3.81452 89 1.06732 2.3066 
198600 25 3.84977 84 0.965943 2.11996 
198700 24 3.77994 77 0.975607 2.14813 
198800 27 3.8291 90 1.08 2.34083 
198900 29 3.88669 95 1.08829 2.34466 
199000 28 3.86974 95 1.06391 2.32217 
199100 27 3.94201 94 1.04633 2.29332 
199200 25 3.94092 97 1.1119 2.39424 
199300 28 3.88255 97 1.12936 2.42561 
199400 27 3.98049 103 1.04426 2.26305 
199500 24 3.966 92 1.04101 2.27594 
199600 30 3.97589 107 0.978262 2.14174 
199700 29 3.99888 110 1.12552 2.40865 
199800 26 4.00253 105 1.12558 2.40999 
199900 28 4.02792 105 1.07733 2.32452 
200000 26 3.99528 100 1.06071 2.31508 
200100 25 4.01417 94 1.15235 2.44969 
200200 25 3.90505 92 1.24043 2.60702 
200300 24 3.91032 86 1.24204 2.61618 
200400 19 3.86353 78 1.2765 2.71494 
200500 22 3.8679 80 1.3411 2.77393 
200600 20 3.61404 79 1.35294 2.8249 
200700 22 3.71677 72 1.36194 2.84565 
200800 21 3.724 72 1.4236 2.96091 
200900 22 3.89147 72 1.41536 2.91168 
201000 21 3.58929 77 1.41889 2.93874 
