# Avida tasks data
# Sat Feb 18 01:08:21 2017
# First column gives the current update, next columns give the number
# of organisms that have the particular task as a component of their merit
#  1: Update
#  2: Not
#  3: Nand
#  4: And
#  5: OrNot
#  6: Or
#  7: AndNot
#  8: Nor
#  9: Xor
# 10: Equals

0 0 0 0 0 0 0 0 0 0 
100 10000 0 0 0 0 0 0 0 0 
200 10000 0 0 0 0 0 0 0 0 
300 10000 0 0 0 0 0 0 0 0 
400 10000 0 0 0 0 0 0 0 0 
500 10000 0 0 0 0 0 0 0 0 
600 10000 0 0 0 0 0 0 0 0 
700 2975 0 0 0 0 0 0 0 0 
800 9035 0 0 0 0 0 0 0 0 
900 9025 0 0 0 0 0 0 0 0 
1000 9025 0 0 0 0 0 0 0 0 
1100 9025 0 0 0 0 0 0 0 0 
1200 9025 0 0 0 0 0 0 0 0 
1300 6649 0 0 0 0 0 0 0 0 
1400 7394 0 0 0 0 0 0 0 0 
1500 8454 0 0 0 0 0 0 0 0 
1600 8450 0 0 0 0 0 0 0 0 
1700 8450 0 0 0 0 0 0 0 0 
1800 8450 0 0 0 0 0 0 0 0 
1900 8406 0 0 0 0 0 0 0 0 
2000 2970 0 0 0 0 0 0 0 0 
2100 8291 0 0 0 0 0 0 0 0 
2200 8400 0 0 0 0 0 0 0 0 
2300 8400 0 0 0 0 0 0 0 0 
2400 8400 0 0 0 0 0 0 0 0 
2500 8301 0 0 0 0 0 0 0 0 
2600 7124 0 0 0 0 0 0 0 0 
2700 5024 0 0 0 0 0 0 0 0 
2800 8033 0 0 0 0 0 0 0 0 
2900 8057 0 0 0 0 0 0 0 0 
3000 8061 0 0 0 0 0 0 0 0 
3100 8015 0 0 0 0 0 0 0 0 
3200 8014 0 0 0 0 0 0 0 0 
3300 3658 0 0 0 0 0 0 0 0 
3400 7734 0 0 0 0 0 0 0 0 
3500 8286 0 0 0 0 0 0 0 0 
3600 8286 0 0 0 0 0 0 0 0 
3700 8274 0 0 0 0 0 0 0 0 
3800 8285 0 0 0 0 0 0 0 0 
3900 7780 0 0 0 0 0 0 0 0 
4000 4451 0 0 0 0 0 0 0 0 
4100 8243 0 0 0 0 0 0 0 0 
4200 8300 0 0 0 0 0 0 0 0 
4300 8250 0 0 0 0 0 0 0 0 
4400 8215 0 0 0 0 0 0 0 0 
4500 8232 0 0 0 0 0 0 0 0 
4600 5227 0 0 0 0 0 0 0 0 
4700 6737 16 0 0 0 0 0 0 0 
4800 8304 25 0 0 0 0 0 0 0 
4900 8273 25 0 0 0 0 0 0 0 
5000 8121 25 0 0 0 0 0 0 0 
5100 8170 25 0 0 0 0 0 0 0 
5200 8061 25 0 0 0 0 0 0 0 
5300 4798 25 0 0 0 0 0 0 0 
5400 7905 27 0 0 0 0 0 0 0 
5500 8198 25 0 0 0 0 0 0 0 
5600 8164 25 0 0 0 0 0 0 0 
5700 8101 25 0 0 0 0 0 0 0 
5800 8099 25 0 0 0 0 0 0 0 
5900 5568 25 0 0 0 0 0 0 0 
6000 6074 16 0 0 0 0 0 0 0 
6100 8015 25 0 0 0 0 0 0 0 
6200 8057 25 0 0 0 0 0 0 0 
6300 8063 25 0 0 0 0 0 0 0 
6400 8057 25 0 0 0 0 0 0 0 
6500 7568 25 0 0 0 0 0 0 0 
6600 4735 8 0 0 0 0 0 0 0 
6700 7128 50 0 0 0 0 0 0 0 
6800 7700 50 0 0 0 0 0 0 0 
6900 7699 50 0 0 0 0 0 0 0 
7000 7581 50 0 0 0 0 0 0 0 
7100 7371 50 0 0 0 0 0 0 0 
7200 5727 25 0 0 0 0 0 0 0 
7300 5570 32 0 0 0 0 0 0 0 
7400 7911 50 0 0 0 0 0 0 0 
7500 7923 50 0 0 0 0 0 0 0 
7600 7810 50 0 0 0 0 0 0 0 
7700 7589 50 0 0 0 0 0 0 0 
7800 7319 50 0 0 0 0 0 0 0 
7900 4831 16 0 0 0 0 0 0 0 
8000 6940 100 0 0 0 0 0 0 0 
8100 7671 100 0 0 0 0 0 0 0 
8200 7563 75 0 0 0 0 0 0 0 
8300 7627 125 0 0 0 0 0 0 0 
8400 7615 125 0 0 0 0 0 0 0 
8500 6500 125 0 0 0 0 0 0 0 
8600 5225 122 0 0 0 0 0 0 0 
8700 7471 200 0 0 0 0 0 0 0 
8800 7322 200 0 0 0 0 0 0 0 
8900 7268 200 0 0 0 0 0 0 0 
9000 7513 250 0 0 0 0 0 0 0 
9100 7154 250 0 0 0 0 0 0 0 
9200 4705 159 0 0 0 0 0 0 0 
9300 6528 205 0 0 0 0 0 0 0 
9400 7728 300 0 0 0 0 0 0 0 
9500 7737 300 0 0 0 0 0 0 0 
9600 7858 283 0 0 0 0 0 0 0 
9700 7723 366 0 0 0 0 0 0 0 
9800 6660 250 0 0 0 0 0 0 0 
9900 5509 231 0 0 0 0 0 0 0 
10000 7488 133 0 0 0 0 0 0 0 
10100 8102 275 0 0 0 0 0 0 0 
10200 8092 250 0 0 0 0 0 0 0 
10300 8175 229 0 0 0 0 0 0 0 
10400 7688 259 0 0 0 0 0 0 0 
10500 5805 218 0 0 0 0 0 0 0 
10600 6640 325 0 0 0 0 0 0 0 
10700 7709 245 0 0 0 0 0 0 0 
10800 8134 435 0 0 0 0 0 0 0 
10900 8074 433 0 0 0 0 0 0 0 
11000 7804 413 0 0 0 0 0 0 0 
11100 6911 348 0 0 0 0 0 0 0 
11200 5499 372 0 0 0 0 0 0 0 
11300 6933 375 0 0 0 0 0 0 0 
11400 7585 291 0 0 0 0 0 0 0 
11500 7890 468 0 0 0 0 0 0 0 
11600 7723 475 0 0 0 0 0 0 0 
11700 6985 437 0 0 0 0 0 0 0 
11800 5949 308 0 0 0 0 0 0 0 
11900 5832 473 0 0 0 0 0 0 0 
12000 7233 400 0 0 0 0 0 0 0 
12100 7476 554 0 0 0 0 0 0 0 
12200 7409 725 0 0 0 0 0 0 0 
12300 7004 725 0 0 0 0 0 0 0 
12400 6750 624 0 0 0 0 0 0 0 
12500 5431 555 0 0 0 0 0 0 0 
12600 6778 865 0 0 0 0 0 0 0 
12700 7619 741 0 0 0 0 0 0 0 
12800 7639 923 0 0 0 0 0 0 0 
12900 7489 1050 0 0 0 0 0 0 0 
13000 7388 1036 0 0 0 0 0 0 0 
13100 6415 883 0 0 0 0 0 0 0 
13200 5899 673 0 0 0 0 0 0 0 
13300 7370 956 0 0 0 0 0 0 0 
13400 7553 848 0 0 0 0 0 0 0 
13500 7788 1062 0 0 0 0 0 0 0 
13600 7452 1049 0 0 0 0 0 0 0 
13700 6819 1273 0 0 0 0 0 0 0 
13800 6167 950 0 0 0 0 0 0 0 
13900 6358 804 0 0 0 0 0 0 0 
14000 7692 1292 0 25 0 0 0 0 0 
14100 7641 1105 0 25 0 0 0 0 0 
14200 7839 1383 0 25 0 0 0 0 0 
14300 6608 1247 0 25 0 0 0 0 0 
14400 6832 1649 0 25 0 0 0 0 0 
14500 5865 1688 0 25 0 0 0 0 0 
14600 6722 1330 0 50 0 0 0 0 0 
14700 7693 1923 0 50 0 0 0 0 0 
14800 7219 1700 0 50 0 0 0 0 0 
14900 7074 1925 0 50 0 0 0 0 0 
15000 6318 1591 0 50 0 0 0 0 0 
15100 6016 1656 0 50 0 0 0 0 0 
15200 6270 1623 0 44 0 0 0 0 0 
15300 6906 1585 0 50 0 0 0 0 0 
15400 6983 1730 0 50 0 0 0 0 0 
15500 6752 1685 0 50 0 0 0 0 0 
15600 6650 2062 0 50 0 0 0 0 0 
15700 5336 1380 0 50 0 0 0 0 0 
15800 6402 2068 0 8 0 0 0 0 0 
15900 6750 2155 0 50 0 0 0 0 0 
16000 7152 2177 0 50 0 0 0 0 0 
16100 6583 1843 0 50 0 0 0 0 0 
16200 6658 2222 0 75 0 0 0 0 0 
16300 7435 2576 0 75 0 0 0 0 0 
16400 5946 1759 0 75 0 0 0 0 0 
16500 6207 2216 0 66 0 0 0 0 0 
16600 7061 2481 0 125 0 0 0 0 0 
16700 7182 2529 0 125 0 0 0 0 0 
16800 6040 1893 0 104 0 0 0 0 0 
16900 7283 2413 0 150 0 0 0 0 0 
17000 7040 2678 0 125 0 0 0 0 0 
17100 5661 1904 0 100 0 0 0 0 0 
17200 6478 2600 0 50 0 0 0 0 0 
17300 6919 2860 0 125 0 0 0 0 0 
17400 7070 2486 0 102 0 0 0 0 0 
17500 6150 2077 0 54 0 25 0 0 0 
17600 6923 2830 0 75 25 25 0 0 0 
17700 6266 2793 0 75 25 25 0 0 0 
17800 5496 2317 0 75 25 16 0 0 0 
17900 6080 2553 0 108 25 50 0 0 0 
18000 7143 3127 0 125 25 50 0 0 0 
18100 7264 3372 0 125 2 50 0 0 0 
18200 5862 2405 0 132 50 75 0 0 0 
18300 6685 3207 0 156 25 50 0 0 0 
18400 6635 3677 0 175 25 50 0 0 0 
18500 5808 2952 0 115 25 12 0 0 0 
18600 6317 2820 0 216 25 52 0 0 0 
18700 7055 3958 0 250 3 25 0 0 0 
18800 6966 4119 0 112 25 25 0 0 0 
18900 5589 3004 0 186 25 25 0 0 0 
19000 5543 3529 0 325 0 25 0 0 0 
19100 7165 4270 0 275 0 25 0 0 0 
19200 7224 3857 0 325 0 4 0 0 0 
19300 4876 2241 0 242 0 25 0 0 0 
19400 7240 4690 0 300 0 25 0 0 0 
19500 7302 4773 0 307 0 25 0 0 0 
19600 5125 2905 0 327 0 16 0 0 0 
19700 5805 3662 0 358 0 50 0 0 0 
19800 6505 4246 0 244 0 25 0 0 0 
19900 6663 4037 0 525 0 25 0 0 0 
20000 5105 3000 0 399 0 50 0 0 0 
20100 6544 4685 0 181 0 50 0 0 0 
20200 6555 4586 0 569 0 50 0 0 0 
20300 5535 3764 0 518 0 16 0 0 0 
20400 5693 3935 0 381 0 100 0 0 0 
20500 6922 4973 0 635 0 50 0 0 0 
20600 6319 4421 0 613 0 50 0 0 0 
20700 5246 3556 0 544 0 50 0 0 0 
20800 6475 4771 0 510 0 50 0 0 0 
20900 6072 4316 0 758 0 25 0 0 0 
21000 6042 4258 0 670 0 25 0 0 0 
21100 5127 3708 0 586 0 25 0 0 0 
21200 6585 4622 0 1038 0 25 0 0 0 
21300 6851 5240 0 929 0 33 0 0 0 
21400 5212 4090 0 352 0 50 0 0 0 
21500 5978 4145 0 908 0 50 0 0 0 
21600 6520 5060 0 1049 0 25 0 0 0 
21700 6102 4586 0 569 0 25 0 0 0 
21800 4935 3290 0 1175 0 25 0 0 0 
21900 6556 5078 0 1011 0 8 0 0 0 
22000 6850 5071 0 1223 0 50 0 0 0 
22100 5850 4233 0 1015 0 50 0 0 0 
22200 5966 4207 0 1278 0 50 0 0 0 
22300 6386 4967 0 1414 0 50 0 0 0 
22400 5652 4459 0 917 0 50 0 0 0 
22500 4893 3317 0 1614 0 25 0 0 0 
22600 6413 4595 0 1313 0 100 0 0 0 
22700 6175 4789 0 1269 0 75 0 0 0 
22800 4963 3307 0 1446 0 75 0 0 0 
22900 6342 4876 0 1778 0 50 0 0 0 
23000 6145 4805 0 1429 0 50 0 0 0 
23100 6001 4271 0 1719 0 50 0 0 0 
23200 5842 4102 0 1781 0 50 0 0 0 
23300 6230 4891 0 1304 2 25 0 0 0 
23400 5856 4519 0 1623 0 25 0 0 0 
23500 6395 4643 0 1557 0 25 0 0 0 
23600 6565 4993 0 1889 0 25 0 0 0 
23700 5611 4331 0 1276 0 25 0 0 0 
23800 6887 5138 0 2240 0 32 0 0 0 
23900 5534 3788 0 1645 0 50 0 0 0 
24000 6338 4668 0 2025 0 50 0 0 0 
24100 6492 4695 0 2370 0 50 0 0 0 
24200 6252 4537 0 1970 0 50 0 0 0 
24300 5912 4241 0 2300 0 25 0 0 0 
24400 5136 3573 0 1394 0 4 0 0 0 
24500 6988 4992 0 2508 0 50 0 0 0 
24600 5119 3566 0 1304 0 50 0 0 0 
24700 5866 4364 0 2129 0 50 0 0 0 
24800 6084 4517 0 1827 0 50 0 0 0 
24900 6517 4851 0 2447 0 25 0 0 0 
25000 5183 3724 0 2153 0 25 0 0 0 
25100 5962 4350 0 1989 0 25 0 0 0 
25200 7305 5323 0 2770 0 25 0 0 0 
25300 4601 3012 0 1689 0 25 0 0 0 
25400 6626 4711 0 2882 0 25 0 0 0 
25500 5397 3726 0 1491 0 25 0 0 0 
25600 6670 4813 0 2969 0 25 0 0 0 
25700 4368 2894 0 1887 8 50 0 0 0 
25800 6498 5142 0 2962 25 25 0 0 0 
25900 6469 4733 0 3065 25 0 0 0 0 
26000 4895 3446 0 2432 0 0 0 0 0 
26100 6695 4904 0 3534 0 0 0 0 0 
26200 4740 3075 0 1858 0 0 0 0 0 
26300 6853 5166 0 4224 0 0 0 0 0 
26400 4911 3282 0 2152 0 0 0 0 0 
26500 6667 5223 0 3810 0 0 0 0 0 
26600 5521 3994 0 2890 0 0 0 0 0 
26700 6006 4355 0 3482 0 0 0 0 0 
26800 6081 4607 0 3488 0 0 0 0 0 
26900 5089 3404 0 2430 0 0 0 0 0 
27000 6957 5149 0 3880 0 0 0 0 0 
27100 4651 3107 0 2026 0 0 0 0 0 
27200 6729 5013 0 4124 0 0 0 0 0 
27300 4984 3395 0 2557 0 0 0 0 0 
27400 6501 5115 0 4052 0 0 0 0 0 
27500 5057 3589 0 3052 0 0 0 0 0 
27600 5839 4393 0 3864 0 0 0 0 0 
27700 6065 5017 0 4162 0 0 0 0 0 
27800 4845 3756 0 3536 0 0 0 0 0 
27900 5962 4845 0 4203 0 0 0 0 0 
28000 5277 4160 0 3493 0 0 0 0 0 
28100 6342 5276 0 4525 0 0 0 0 0 
28200 4843 3649 0 2761 0 0 0 0 0 
28300 6386 4994 0 4170 0 0 0 0 0 
28400 5051 3570 0 2776 0 0 0 0 0 
28500 6501 4585 0 3787 0 0 0 0 0 
28600 6031 4319 0 3442 0 0 0 0 0 
28700 5139 3699 0 3037 0 0 0 0 0 
28800 6401 4720 0 3877 0 0 0 0 0 
28900 5641 3681 0 2840 0 0 0 0 0 
29000 5894 4060 0 3547 0 0 0 0 0 
29100 4752 3015 0 2540 0 0 0 0 0 
29200 5541 3692 0 3182 0 0 0 0 0 
29300 5610 3468 0 3161 0 0 0 0 0 
29400 5117 3632 0 3076 0 0 0 0 0 
29500 6295 4286 0 3545 0 0 0 0 0 
29600 5524 3949 0 3040 0 0 0 0 0 
29700 6519 4681 0 3983 0 0 0 0 0 
29800 5274 3453 0 2977 0 0 0 0 0 
29900 5996 4521 0 3907 0 0 0 0 0 
30000 4693 3281 0 2887 0 0 0 0 0 
30100 5616 4129 0 3385 0 0 0 0 0 
30200 5543 3950 0 3414 0 0 0 0 0 
30300 5340 3963 0 3543 0 2 0 0 0 
30400 6372 4552 0 3988 0 0 0 0 0 
30500 5821 4181 0 3827 0 0 0 0 0 
30600 6565 4748 0 4546 0 0 0 0 0 
30700 5219 3541 0 3081 0 0 0 0 0 
30800 6434 4705 0 4160 0 0 0 0 0 
30900 5172 3447 0 3260 0 2 0 0 0 
31000 5875 4078 0 3792 0 0 0 0 0 
31100 4781 3318 0 3131 0 4 0 0 0 
31200 5521 3912 0 3721 0 0 0 0 0 
31300 5908 4166 0 3935 0 0 0 0 0 
31400 5564 3873 0 3713 0 0 0 0 0 
31500 6527 4904 0 4435 0 0 0 0 0 
31600 5940 4062 0 3778 0 2 0 0 0 
31700 6383 4612 0 4287 0 1 0 0 0 
31800 4820 3041 0 3152 0 0 0 0 0 
31900 5573 3530 0 3380 0 0 0 0 0 
32000 5023 3320 0 3246 0 0 0 0 0 
32100 5197 3327 2 3257 0 1 0 0 0 
32200 5421 3396 2 3162 0 0 0 0 0 
32300 6216 4004 0 4004 0 0 0 0 0 
32400 5482 3835 0 3704 0 2 0 0 0 
32500 6400 3969 2 4045 0 5 0 0 0 
32600 6213 4124 0 4272 0 0 0 0 0 
32700 5265 3569 7 3262 0 0 0 0 0 
32800 5911 3498 0 3635 0 0 0 0 0 
32900 5445 3538 0 3483 0 0 0 0 0 
33000 6047 3637 2 4011 0 0 0 0 0 
33100 5030 3176 2 3212 0 6 0 0 0 
33200 5922 3638 2 3846 0 0 0 0 0 
33300 5364 3185 30 3494 0 0 0 0 0 
33400 5730 3664 25 3624 0 0 0 0 0 
33500 5050 3101 0 3253 0 0 0 0 0 
33600 5911 3548 3 3376 0 0 0 0 0 
33700 6013 3506 0 3701 0 0 0 0 0 
33800 5374 3221 0 2975 0 0 0 0 0 
33900 5860 3631 0 3479 0 0 0 0 0 
34000 5128 2995 0 3050 0 0 0 0 0 
34100 5610 3531 0 3366 0 0 0 0 0 
34200 5592 3305 0 3252 0 0 0 0 0 
34300 5645 3268 0 3376 0 0 0 0 0 
34400 5693 3215 0 3513 0 0 0 0 0 
34500 5449 3038 0 3259 0 1 0 0 0 
34600 5404 3146 0 3337 0 0 0 0 0 
34700 5632 3038 2 3385 0 0 0 0 0 
34800 5481 3179 1 3298 0 0 0 0 0 
34900 5670 2848 0 3208 0 0 13 0 0 
35000 5331 3096 2 3230 0 0 0 0 0 
35100 5451 2968 1 3085 0 0 0 0 0 
35200 5293 2856 5 2963 0 0 0 0 0 
35300 5878 3507 2 3694 0 0 0 0 0 
35400 5343 2929 0 3030 0 0 0 0 0 
35500 5891 3577 0 3580 8 0 0 0 0 
35600 5274 2615 4 2779 25 0 0 0 0 
35700 6052 3436 0 3408 0 0 0 0 0 
35800 5531 2860 2 2964 0 0 0 0 0 
35900 5437 2998 2 3115 0 0 0 0 0 
36000 6726 3765 2 3892 0 0 0 0 0 
36100 5405 2796 2 2978 0 0 0 0 0 
36200 6398 3800 1 3934 0 0 0 0 0 
36300 4610 2312 4 2365 0 0 0 0 0 
36400 6929 4111 0 4145 0 0 0 0 0 
36500 4492 2312 6 2396 0 0 0 0 0 
36600 6123 3435 3 3312 25 0 0 0 0 
36700 5832 3039 0 3064 25 0 0 0 0 
36800 5787 3284 0 3515 25 0 0 0 0 
36900 5684 3233 0 3296 25 0 0 0 0 
37000 5318 2705 4 2979 25 0 0 0 0 
37100 6487 3713 0 3837 0 0 0 0 0 
37200 5134 2558 0 2782 0 0 0 0 0 
37300 5884 2954 0 3143 0 0 0 0 0 
37400 6078 2956 0 3224 0 0 0 0 0 
37500 5398 2848 0 3002 0 0 0 0 0 
37600 6330 3320 1 3247 0 0 0 0 0 
37700 6474 3300 0 3382 0 0 0 0 0 
37800 5818 3051 0 3113 2 0 0 0 0 
37900 5982 3106 0 2992 1 0 0 0 0 
38000 5861 3237 0 3121 3 0 0 0 0 
38100 6021 3112 0 3151 2 0 0 0 0 
38200 6106 3449 0 3275 6 0 0 0 0 
38300 6231 3301 0 3236 0 0 0 0 0 
38400 6299 3171 0 3223 0 0 0 0 0 
38500 5658 2832 0 2644 0 0 0 0 0 
38600 6528 3371 0 3408 0 0 0 0 0 
38700 5871 2912 0 2907 0 0 0 0 0 
38800 5465 2998 0 2778 0 0 0 0 0 
38900 6557 3360 0 3354 0 0 0 0 0 
39000 5799 2761 0 2828 0 0 0 0 0 
39100 6754 3772 0 3753 0 0 0 0 0 
39200 5000 2332 0 2311 0 0 0 0 0 
39300 6286 3331 0 3526 0 0 0 0 0 
39400 5661 2823 0 2656 0 0 0 0 0 
39500 5656 2970 0 3028 0 0 0 0 0 
39600 6161 3071 0 2920 0 0 0 0 0 
39700 5897 2900 0 2747 0 0 0 0 0 
39800 5826 3101 2 2805 0 0 0 0 0 
39900 5655 2828 0 2462 0 0 0 0 0 
40000 5647 2991 0 2838 0 0 0 0 0 
40100 5511 2692 0 2433 0 0 0 0 0 
40200 5936 3254 0 3080 0 0 0 0 0 
40300 5631 2814 0 2597 0 0 0 0 0 
40400 5782 3130 1 3000 0 0 0 0 0 
40500 5089 2614 0 2413 0 0 0 0 0 
40600 5116 2767 1 2367 0 0 0 0 0 
40700 5731 2900 2 2493 0 0 0 0 0 
40800 5655 2956 0 2357 0 0 0 0 0 
40900 5502 2880 0 2665 0 0 0 0 0 
41000 5534 2930 0 2532 2 0 0 0 0 
41100 5215 2851 0 2579 1 0 0 0 0 
41200 5508 2985 0 2717 0 0 0 0 0 
41300 5039 2705 0 2164 0 0 0 0 0 
41400 5924 3164 0 2868 0 0 0 0 0 
41500 5584 2976 0 2464 0 0 0 0 0 
41600 5955 3412 0 3105 0 0 0 0 0 
41700 5935 3337 0 3063 0 0 0 0 0 
41800 5646 3067 0 2785 16 0 0 0 0 
41900 6019 3242 0 3042 25 0 0 0 0 
42000 5306 2850 0 2415 0 0 0 0 0 
42100 5940 3142 0 3036 0 0 0 0 0 
42200 5773 3052 0 3142 0 0 0 0 0 
42300 5985 3093 0 3126 0 0 0 0 0 
42400 5544 2993 0 3123 0 2 0 0 0 
42500 5119 2634 0 2578 0 0 0 0 0 
42600 5203 2567 0 2706 0 0 0 0 0 
42700 5077 2599 0 2613 0 0 0 0 0 
42800 4978 2405 0 2658 0 0 0 0 0 
42900 5285 2803 0 2845 0 0 0 0 0 
43000 4389 2230 0 2296 0 0 0 0 0 
43100 5648 3006 0 3079 0 0 0 0 0 
43200 5090 2584 0 2620 0 0 0 0 0 
43300 5633 2886 0 3081 0 0 0 0 0 
43400 4788 2353 0 2104 0 0 0 0 0 
43500 5464 2897 0 2793 5 0 0 0 0 
43600 4659 2192 0 2131 3 0 0 0 0 
43700 5715 3127 0 2842 6 0 0 0 0 
43800 5698 3288 0 3008 4 0 0 0 0 
43900 5760 3354 0 3199 4 0 0 0 0 
44000 5524 3140 1 2936 7 0 0 0 0 
44100 5955 3288 2 3078 4 0 0 0 0 
44200 5375 2804 0 2971 7 0 0 0 0 
44300 5588 2747 2 2898 10 0 0 0 0 
44400 5830 3232 0 3138 6 0 0 0 0 
44500 5191 2779 2 2775 2 0 0 0 0 
44600 6106 3028 2 3248 16 0 0 0 0 
44700 5300 2798 0 2766 4 0 0 0 0 
44800 5918 3139 0 3066 7 2 0 0 0 
44900 5163 2608 2 2755 0 0 0 0 0 
45000 4909 2629 4 2599 1 0 0 0 0 
45100 5092 2674 0 2649 1 0 0 0 0 
45200 5782 2963 0 2977 4 0 0 0 0 
45300 5038 2666 0 2900 0 0 0 0 0 
45400 6015 3142 0 3387 11 0 0 0 0 
45500 5114 2794 0 2880 14 0 0 0 0 
45600 5473 2842 0 3045 7 0 0 0 0 
45700 4914 2473 0 2566 6 0 0 0 0 
45800 5127 2837 2 2881 3 0 0 0 0 
45900 4700 2331 0 2502 7 0 0 0 0 
46000 5597 3116 0 3242 2 0 0 0 0 
46100 4784 2615 0 2771 1 0 0 0 0 
46200 5803 3207 0 3403 0 0 0 0 0 
46300 5207 2950 0 3098 0 2 0 0 0 
46400 5256 2752 0 2945 0 4 0 0 0 
46500 5196 3281 0 3441 1 8 0 0 0 
46600 4693 2606 0 2614 1 28 0 0 0 
46700 5168 2839 0 3049 6 12 0 0 0 
46800 4545 2515 0 2437 0 2 0 0 0 
46900 5289 2941 0 3113 0 8 0 0 0 
47000 5134 2852 0 2818 0 2 0 0 0 
47100 5658 2972 4 2937 0 19 0 0 0 
47200 4870 2620 0 2653 0 0 0 0 0 
47300 5345 2812 0 2767 0 0 0 0 0 
47400 5210 2823 1 2878 0 0 0 0 0 
47500 5686 3102 0 3255 0 0 0 0 0 
47600 4620 2644 2 2800 0 0 0 0 0 
47700 5804 3418 0 3383 0 0 0 0 0 
47800 4694 2529 0 2647 0 0 0 0 0 
47900 5797 3122 1 3180 16 0 0 0 0 
48000 4960 2641 0 2725 25 0 0 0 0 
48100 5153 3063 1 3123 25 0 0 0 0 
48200 4587 2425 2 2458 16 0 0 0 0 
48300 5224 3103 4 3206 0 0 0 0 0 
48400 4659 2557 7 2756 0 2 0 0 0 
48500 4598 2435 8 2625 0 2 0 0 0 
48600 5409 3034 9 3302 0 2 0 0 0 
48700 4559 2531 0 2600 0 0 0 0 0 
48800 5367 3121 6 3251 0 1 0 0 0 
48900 3955 2115 2 2159 0 1 0 0 0 
49000 5761 3288 2 3415 0 4 0 0 0 
49100 5047 3033 4 3060 6 2 0 0 0 
49200 5473 3373 2 3325 5 0 0 0 0 
49300 5315 3093 1 3095 6 1 0 0 0 
49400 4961 2863 0 2897 6 0 0 0 0 
49500 5699 3500 5 3527 2 0 0 0 0 
49600 3651 2014 4 2060 1 4 0 0 0 
49700 5839 3579 0 3704 1 4 0 0 0 
49800 4436 2487 4 2427 7 0 0 0 0 
49900 5835 3624 0 3448 5 2 0 0 0 
50000 5385 3185 2 3193 7 4 0 0 0 
50100 5147 2944 0 2814 6 12 0 0 0 
50200 5023 3122 0 3138 0 0 0 0 0 
50300 5168 2784 0 2698 2 25 0 0 0 
50400 5534 3313 0 3057 8 2 0 0 0 
50500 4822 2829 6 2470 10 16 0 0 0 
50600 5183 3172 5 2880 10 4 0 0 0 
50700 5490 3168 20 2858 9 40 0 0 0 
50800 5093 3164 14 2884 8 17 0 0 0 
50900 4706 2991 2 2605 11 7 0 0 0 
51000 4583 2402 9 2226 11 11 0 0 0 
51100 5576 3407 0 2907 5 0 0 0 0 
51200 4732 2824 2 2469 6 0 0 0 0 
51300 5716 3183 0 3035 5 0 0 0 0 
51400 4978 2888 0 2613 5 0 0 0 0 
51500 5307 3077 0 2788 10 0 0 0 0 
51600 5093 2935 0 2703 7 0 0 0 0 
51700 5057 2782 2 2464 3 0 0 0 0 
51800 5342 3407 5 3010 0 0 0 0 0 
51900 5227 2957 0 2534 0 0 0 0 0 
52000 4717 3122 0 2776 0 0 0 0 0 
52100 5592 3178 0 2714 9 0 10 0 0 
52200 4992 3063 0 2677 3 0 12 0 0 
52300 5798 3486 0 2938 0 0 15 0 0 
52400 5525 3209 0 2680 0 0 18 0 0 
52500 5687 3423 0 2875 0 0 16 0 0 
52600 5852 3511 0 2929 0 0 27 0 0 
52700 5126 3102 0 2603 0 0 12 0 0 
52800 5672 3331 2 2924 0 0 36 0 0 
52900 4578 2812 0 2219 0 0 8 0 0 
53000 5977 3551 0 3034 0 0 47 0 0 
53100 4519 2764 0 2159 0 0 0 0 0 
53200 5829 3554 0 2990 0 0 45 0 0 
53300 4859 2719 0 2170 0 0 0 0 0 
53400 5912 3883 0 3089 0 14 51 0 0 
53500 5346 3040 0 2643 0 0 38 0 0 
53600 5684 3419 0 2685 0 0 25 0 0 
53700 5676 3559 0 2865 0 0 26 0 0 
53800 5127 3050 0 2216 0 0 12 0 0 
53900 6214 3665 0 3065 0 0 15 0 0 
54000 5163 2842 0 2214 0 0 0 0 0 
54100 6102 3577 0 3024 0 0 0 0 0 
54200 4959 2541 0 2090 0 0 0 0 0 
54300 5696 3226 0 2833 0 0 0 0 0 
54400 5428 3035 0 2528 0 0 0 0 0 
54500 4985 2921 0 2592 10 0 0 0 0 
54600 6155 3621 0 3170 0 0 0 0 0 
54700 4809 2631 0 2481 13 0 0 0 0 
54800 5868 3351 0 3197 2 0 0 0 0 
54900 4548 2314 0 2346 0 0 0 0 0 
55000 5857 3328 0 3279 0 0 0 0 0 
55100 4476 2346 2 2254 0 0 0 0 0 
55200 5900 3272 0 3088 0 0 0 0 0 
55300 5352 2975 0 2979 0 0 0 0 0 
55400 5572 2956 0 2817 0 0 0 0 1 
55500 5975 3578 0 3528 0 0 0 0 0 
55600 4684 2503 0 2398 0 0 0 0 0 
55700 6286 3667 0 3608 0 0 0 0 0 
55800 4733 2651 0 2713 0 0 0 0 0 
55900 6255 3600 0 3583 5 0 0 0 0 
56000 4852 2786 0 2768 0 0 0 0 0 
56100 5471 3407 0 3325 2 0 0 0 0 
56200 5276 3447 0 3259 0 0 0 0 0 
56300 4537 2704 0 2448 15 0 0 0 0 
56400 5442 3488 0 3304 8 0 0 0 0 
56500 4090 2572 0 2283 9 0 0 0 0 
56600 5592 3847 0 3833 8 0 0 0 0 
56700 4976 3256 0 2929 2 0 0 0 0 
56800 6123 4034 0 3613 0 0 0 0 0 
56900 5914 3933 0 3571 0 0 0 0 0 
57000 5138 3363 0 2937 0 0 0 0 0 
57100 5724 3476 0 3037 0 0 0 0 0 
57200 4649 3126 0 2447 0 0 0 0 0 
57300 5333 3386 0 2992 0 0 0 0 0 
57400 5222 3498 0 3043 0 0 0 0 0 
57500 5491 3674 0 3212 2 0 0 0 0 
57600 5990 3911 0 3458 6 0 0 0 0 
57700 4419 2932 0 2493 7 0 0 0 0 
57800 6647 4242 0 3729 18 0 0 0 0 
57900 4611 2814 0 2279 10 0 0 0 0 
58000 5888 3501 0 3090 5 0 0 0 0 
58100 5314 3243 0 2564 30 0 0 0 0 
58200 6065 3540 2 2917 25 0 0 0 0 
58300 4922 2744 16 2279 3 7 0 0 0 
58400 5106 2925 16 2364 27 11 0 0 0 
58500 5290 3129 4 2635 25 0 0 0 0 
58600 5308 2974 37 2695 28 29 0 0 0 
58700 6292 3636 22 3208 26 12 0 0 0 
58800 5104 2726 16 2360 3 5 0 0 0 
58900 5812 3293 55 2889 12 43 0 0 0 
59000 4357 2334 25 2042 14 18 0 0 0 
59100 5988 3499 15 2963 8 7 0 0 0 
59200 5260 2930 62 2469 7 49 0 0 0 
59300 5761 3244 24 2990 6 11 0 0 0 
59400 5701 3288 52 2698 5 34 0 0 0 
59500 5744 3273 76 2800 3 33 0 0 0 
59600 5436 3266 26 2967 4 22 0 0 0 
59700 4953 2941 30 2480 0 19 0 0 0 
59800 6097 3723 51 3080 4 30 0 0 0 
59900 4962 2873 25 2446 2 25 0 0 0 
60000 5711 3502 52 2985 4 44 0 0 0 
60100 4835 2890 51 2237 0 31 0 0 0 
60200 5694 3665 73 2840 1 29 0 0 0 
60300 5155 3297 69 2635 0 22 0 0 0 
60400 5541 3590 59 2969 0 18 0 0 0 
60500 5858 3851 59 3156 0 24 0 0 0 
60600 5171 3229 46 2753 0 25 0 0 0 
60700 5791 3706 57 3234 0 43 0 0 0 
60800 5196 3152 51 2832 0 52 0 0 0 
60900 5587 3681 37 3212 0 23 0 0 0 
61000 4726 3016 102 2550 0 49 0 0 0 
61100 5688 3707 51 3198 3 30 0 0 0 
61200 4806 3020 43 2741 4 26 0 0 0 
61300 5920 3795 113 3398 4 62 0 0 0 
61400 5032 3503 38 3179 0 26 0 0 0 
61500 5039 3365 75 2844 0 55 0 0 0 
61600 5133 3625 84 3207 2 53 0 0 0 
61700 4524 3135 16 2807 0 37 0 0 0 
61800 5227 3774 66 3407 0 66 0 0 0 
61900 5474 3332 83 3124 4 79 0 0 0 
62000 5291 3637 16 3345 25 5 0 0 0 
62100 4779 3233 65 2784 3 46 0 0 0 
62200 4946 3477 66 3117 3 59 0 0 0 
62300 4531 3336 4 2887 0 2 0 0 0 
62400 5531 4065 148 3679 7 100 0 0 0 
62500 4726 3569 72 3108 25 43 0 0 0 
62600 5200 3635 127 3220 2 106 0 0 0 
62700 4969 3473 139 3127 3 116 0 0 0 
62800 5013 3433 67 3076 3 46 0 0 0 
62900 5202 3800 197 3292 6 120 0 0 0 
63000 4825 3256 266 3038 0 170 0 0 0 
63100 4939 3768 135 3276 0 38 0 0 0 
63200 5214 4029 257 3502 0 146 0 0 0 
63300 5871 4176 247 3615 12 130 0 0 0 
63400 4776 3368 136 3041 10 40 0 0 0 
63500 5406 3760 273 3137 0 127 0 0 0 
63600 4989 3718 151 3059 21 71 0 0 0 
63700 4427 3101 146 2752 18 92 0 0 0 
63800 5318 3946 253 3022 22 127 0 0 0 
63900 4543 3207 244 2450 21 113 0 0 0 
64000 4604 3280 107 2807 13 75 0 0 0 
64100 4969 3445 334 2714 8 199 0 0 0 
64200 4663 3176 124 2392 4 59 0 0 0 
64300 5126 3237 252 2552 10 148 0 0 0 
64400 4846 3127 287 2470 3 204 0 0 0 
64500 4521 3115 105 2369 1 61 0 0 0 
64600 4882 3157 352 2488 3 188 0 0 0 
64700 4790 3267 183 2597 5 99 0 0 0 
64800 4777 3222 225 2583 9 138 0 0 0 
64900 4809 3146 297 2393 15 172 0 0 0 
65000 4475 3149 136 2380 6 76 0 0 0 
65100 4509 3072 328 2349 22 205 0 0 0 
65200 4789 3132 248 2369 13 156 0 0 0 
65300 4067 2907 210 2035 2 105 0 0 0 
65400 4721 3002 285 2219 20 182 0 0 0 
65500 4475 3129 313 2323 11 177 0 0 0 
65600 4618 3240 262 2421 14 136 0 0 0 
65700 4749 3095 303 2308 24 157 0 0 0 
65800 4973 3247 384 2478 19 233 0 0 0 
65900 4882 3083 273 2351 0 146 0 0 0 
66000 4499 2868 346 2271 2 206 0 0 0 
66100 5463 3634 367 2759 2 205 0 0 0 
66200 4433 2860 279 2136 3 156 0 0 0 
66300 5366 3471 501 2665 6 303 0 0 0 
66400 5065 3223 477 2554 11 260 0 0 0 
66500 4414 2930 394 2336 19 222 0 0 0 
66600 5070 3269 631 2540 18 375 0 0 0 
66700 3879 2519 341 1727 11 137 0 0 0 
66800 5279 3515 711 2564 16 337 0 0 0 
66900 4601 2942 575 1987 5 295 0 0 0 
67000 4924 3368 514 2530 2 251 0 0 0 
67100 5276 3461 764 2409 2 351 0 0 0 
67200 4789 3094 483 2172 6 219 0 0 0 
67300 5314 3316 778 2393 10 416 0 0 0 
67400 4805 2955 872 1832 8 410 0 0 0 
67500 4431 2858 515 1856 11 244 0 0 0 
67600 4953 2986 1050 1898 7 557 0 0 0 
67700 4534 2663 649 1840 11 353 0 0 0 
67800 4461 2754 741 1945 5 325 0 0 0 
67900 5231 2998 911 1943 9 519 0 0 0 
68000 5253 3134 838 2037 2 475 0 0 0 
68100 5113 3051 1051 1781 14 549 0 0 0 
68200 5336 3220 1029 2010 4 577 0 0 0 
68300 4422 2577 899 1509 4 450 0 0 0 
68400 5055 3056 1077 1796 4 535 0 0 0 
68500 5316 2983 1308 1711 2 672 0 0 0 
68600 4678 2707 976 1453 0 458 0 0 0 
68700 4713 2699 1188 1430 2 569 0 0 0 
68800 5199 2763 1096 1481 3 533 0 0 0 
68900 3701 2126 720 1108 2 267 0 0 0 
69000 5278 2797 1307 1528 0 660 0 0 0 
69100 4930 2578 1046 1481 2 555 0 0 0 
69200 3588 1944 611 1055 1 275 0 0 0 
69300 5389 2753 1349 1471 4 659 0 0 0 
69400 4246 2294 820 1373 3 366 0 0 0 
69500 4568 2267 1099 1265 3 495 0 0 0 
69600 5081 2735 1187 1643 0 603 0 0 0 
69700 4122 2192 1077 1061 2 359 0 0 0 
69800 6026 3073 1531 1728 2 740 0 0 0 
69900 5051 2503 1321 1382 0 589 0 0 0 
70000 4518 2323 1295 1081 8 514 0 0 0 
70100 5558 2835 1710 1345 11 679 0 0 0 
70200 5004 2558 1590 1202 11 684 0 0 0 
70300 5130 2657 1632 1129 0 565 0 0 0 
70400 4974 2362 1409 1118 0 663 0 0 0 
70500 5734 2894 1816 1430 0 802 0 0 0 
70600 4317 2115 1228 973 0 545 0 0 0 
70700 5868 2900 1893 1466 0 888 0 0 0 
70800 4736 2440 1516 1170 0 704 0 0 0 
70900 5350 2802 1780 1210 0 693 0 0 0 
71000 5730 2881 1889 1416 16 889 12 0 0 
71100 4853 2625 1493 1196 20 644 0 0 0 
71200 5020 2608 1654 1125 11 621 0 0 0 
71300 5820 2962 1841 1454 9 862 0 0 0 
71400 4215 2247 1388 985 28 558 0 0 0 
71500 5659 2955 1862 1530 24 907 0 0 0 
71600 4159 2384 1682 1125 7 779 0 0 0 
71700 4487 2413 1572 1092 17 697 0 0 0 
71800 5345 2882 1904 1452 16 927 0 0 0 
71900 4441 2309 1324 1135 16 651 4 0 0 
72000 5176 2673 1720 1355 39 849 12 0 0 
72100 4973 2630 1777 1259 35 833 0 0 0 
72200 3918 2119 1309 906 19 538 0 0 0 
72300 5139 2720 1782 1343 34 951 0 0 0 
72400 4251 2301 1543 1067 42 709 0 0 0 
72500 4480 2429 1559 1184 35 807 0 0 0 
72600 5026 2614 1923 1376 35 1022 0 0 0 
72700 3955 2078 1366 1040 20 688 0 0 0 
72800 5551 2872 2100 1497 21 1047 0 0 0 
72900 4932 2564 1803 1378 18 984 0 0 0 
73000 4240 2101 1362 1112 20 685 0 0 0 
73100 4867 2455 1763 1312 18 868 0 0 0 
73200 4819 2224 1679 1307 16 985 0 0 0 
73300 3616 1791 1263 987 0 712 0 0 0 
73400 4800 2457 1882 1277 0 990 0 0 0 
73500 4226 2066 1569 1136 0 889 0 0 0 
73600 4252 2207 1612 1100 0 832 0 0 0 
73700 5096 2560 2142 1319 0 1115 0 0 0 
73800 3883 1838 1325 978 0 722 0 0 0 
73900 4996 2701 2199 1307 0 1064 0 0 0 
74000 4780 2483 2039 1246 0 1045 0 0 0 
74100 4393 2136 1512 1009 0 718 0 0 0 
74200 5806 3069 2344 1556 0 1188 0 0 0 
74300 4568 2203 1593 1132 0 841 0 0 0 
74400 4641 2522 1859 1333 0 992 0 0 0 
74500 5064 2631 2067 1229 0 965 0 0 0 
74600 4075 2133 1603 1144 0 821 0 0 0 
74700 4788 2545 1947 1205 0 882 0 0 0 
74800 5197 2719 2020 1421 0 1044 0 0 0 
74900 4265 2460 1753 1083 0 750 0 0 0 
75000 4811 2860 2192 1360 0 1063 0 0 0 
75100 4235 2433 1753 1183 0 818 0 0 0 
75200 4727 2737 2029 1213 0 941 0 0 0 
75300 4288 2635 1936 1119 0 826 0 0 0 
75400 4797 2664 1931 1199 0 872 0 0 0 
75500 5552 3247 2412 1366 0 1046 0 0 0 
75600 3992 2213 1524 948 0 654 0 0 0 
75700 5803 3088 2369 1474 0 1145 0 0 0 
75800 4354 2312 1784 1090 0 822 0 0 0 
75900 4871 2630 1964 1139 0 828 0 0 0 
76000 5301 2822 2191 1318 0 982 0 0 0 
76100 4535 2354 1785 1095 0 797 0 0 0 
76200 5353 2821 2296 1310 0 1027 0 0 0 
76300 4986 2552 1863 1183 0 862 0 0 0 
76400 5009 2737 2002 1225 0 810 0 0 0 
76500 5384 2887 2056 1319 0 924 0 0 0 
76600 4437 2469 1737 1050 0 706 0 0 0 
76700 5399 2949 2216 1389 0 1018 0 0 0 
76800 4993 2791 2000 1291 0 917 0 0 0 
76900 4108 2109 1421 953 0 645 0 0 0 
77000 6091 3391 2607 1534 0 1141 0 0 0 
77100 4713 2405 1756 1122 0 808 0 0 0 
77200 5196 2834 2139 1216 0 927 0 0 0 
77300 5706 2923 2340 1485 0 1182 0 0 0 
77400 4505 2341 1693 1000 0 789 0 0 0 
77500 4747 2445 1710 1211 0 856 0 0 0 
77600 5010 2646 2055 1309 0 1005 0 0 0 
77700 4352 2026 1447 1005 0 694 0 0 0 
77800 5576 2750 2039 1407 0 1047 0 0 0 
77900 5799 2984 2266 1346 0 981 0 0 0 
78000 4695 2243 1617 1186 0 806 0 0 0 
78100 5043 2520 1864 1214 0 865 0 0 0 
78200 5416 2593 1877 1296 0 923 0 0 0 
78300 4771 2239 1594 1084 0 756 0 0 0 
78400 5852 2617 1942 1284 2 946 2 0 0 
78500 5072 2274 1587 1177 0 836 0 0 0 
78600 5274 2440 1766 1121 0 748 0 0 0 
78700 4895 2215 1522 1117 0 722 0 0 0 
78800 5220 2338 1646 1128 0 789 0 0 0 
78900 5480 2346 1669 1151 0 835 0 0 0 
79000 4916 2162 1489 1034 2 670 0 0 0 
79100 5330 2548 1910 1086 0 744 0 0 0 
79200 4390 2163 1341 949 0 577 0 0 0 
79300 5586 2652 1988 1202 0 828 0 0 0 
79400 4513 2212 1450 1073 0 722 0 0 0 
79500 4614 2330 1550 895 0 577 0 0 0 
79600 5032 2474 1793 1222 0 948 0 0 0 
79700 4931 2441 1718 944 0 629 9 0 0 
79800 4928 2421 1865 1014 0 807 5 0 0 
79900 4955 2323 1837 1071 0 814 0 0 0 
80000 4639 2208 1467 1045 0 632 0 0 0 
80100 5120 2398 1655 1160 0 768 0 0 0 
80200 5513 2675 1834 1295 0 841 0 0 0 
80300 4688 2036 1381 1047 0 633 0 0 0 
80400 5333 2609 1774 1287 0 822 0 0 0 
80500 5251 2441 1525 1308 0 769 0 0 0 
80600 4849 2253 1349 1169 0 647 0 0 0 
80700 5372 2654 1678 1358 0 826 0 0 0 
80800 3970 1959 1216 962 0 651 0 0 0 
80900 4711 2427 1462 1245 0 811 0 0 0 
81000 4799 2480 1671 1233 0 781 0 0 0 
81100 3961 1985 993 1083 0 558 0 0 0 
81200 5244 2618 1588 1312 0 809 0 0 0 
81300 4373 2316 1199 1153 0 592 0 0 0 
81400 4978 2517 1318 1241 0 688 0 0 0 
81500 5033 2605 1570 1265 0 800 0 0 0 
81600 4584 2288 1353 1127 2 669 7 0 0 
81700 4959 2516 1565 1130 0 668 7 0 0 
81800 5097 2562 1670 1359 0 946 3 0 0 
81900 4479 2150 1289 1213 2 705 0 0 0 
82000 5353 2708 1809 1488 6 998 0 0 0 
82100 5046 2396 1454 1399 4 861 0 0 0 
82200 4503 2299 1425 1160 3 663 0 0 0 
82300 5028 2554 1714 1303 0 843 0 0 0 
82400 4831 2501 1670 1258 0 774 0 0 0 
82500 4088 1971 1170 1017 0 623 0 0 0 
82600 5329 2711 1652 1322 0 746 0 0 0 
82700 5141 2407 1567 1390 0 838 0 0 0 
82800 4163 1997 1166 1038 0 597 0 0 0 
82900 5018 2356 1454 1398 0 794 0 0 0 
83000 5196 2650 1616 1422 0 853 0 0 0 
83100 4717 2299 1384 1271 0 708 0 0 0 
83200 5815 2878 1884 1685 0 1060 0 0 0 
83300 4881 2374 1489 1254 0 769 0 0 0 
83400 4799 2396 1604 1360 0 912 0 0 0 
83500 5937 3099 2334 1454 0 1055 0 0 0 
83600 4492 2241 1479 1281 0 790 0 0 0 
83700 4853 2502 1699 1177 0 666 0 0 0 
83800 6037 2961 1981 1667 0 1075 0 0 0 
83900 4783 2420 1418 1323 0 740 0 0 0 
84000 5238 2618 1631 1432 0 856 0 0 0 
84100 5594 2789 1715 1539 0 943 0 0 0 
84200 4427 2358 1383 1270 0 615 0 0 0 
84300 5615 2712 1634 1593 0 901 0 0 0 
84400 5451 2790 1758 1447 0 806 0 0 0 
84500 4399 2251 1308 1143 0 636 0 0 0 
84600 5841 3068 1894 1506 0 906 0 0 0 
84700 5326 2762 1872 1590 0 1114 0 0 0 
84800 4096 2109 1443 1078 0 771 0 0 0 
84900 5670 2984 2007 1618 0 1132 0 0 0 
85000 4982 2615 1826 1478 0 1065 0 0 0 
85100 3731 1990 1229 1048 0 651 0 0 0 
85200 5697 2946 2286 1585 0 1220 0 0 0 
85300 4219 2440 1650 1117 0 753 0 0 0 
85400 3863 2027 1342 974 0 674 0 0 0 
85500 5719 3169 2390 1484 0 1075 0 0 0 
85600 3855 2104 1383 961 0 632 0 0 0 
85700 5490 2922 2125 1345 0 924 0 0 0 
85800 5202 2691 2157 1282 0 1035 0 0 0 
85900 3942 2110 1292 840 0 506 0 0 0 
86000 5062 2808 1980 1254 0 953 0 0 0 
86100 4880 2693 1874 1186 0 859 0 0 0 
86200 4122 2228 1294 928 0 571 0 0 0 
86300 5599 2864 2027 1276 0 975 0 0 0 
86400 5011 2557 1604 1173 0 783 0 0 0 
86500 4876 2541 1708 1111 0 747 0 0 0 
86600 5293 2670 1797 1173 0 859 0 0 0 
86700 4204 2100 1354 955 0 674 0 0 0 
86800 4898 2505 1799 1124 0 791 0 0 0 
86900 4757 2482 1687 1224 0 832 0 0 0 
87000 5325 2688 1932 1268 0 934 0 0 0 
87100 5298 2625 1915 1270 0 879 0 0 0 
87200 4703 2289 1711 1008 0 719 0 0 0 
87300 5257 2731 1983 1234 0 847 0 0 0 
87400 5016 2483 1736 1163 0 782 0 0 0 
87500 5393 2777 1941 1259 0 808 0 0 0 
87600 4828 2546 1765 1137 0 740 0 0 0 
87700 4891 2485 1632 1016 0 656 0 0 0 
87800 5817 3088 2005 1466 0 952 0 0 0 
87900 4803 2378 1561 1052 0 689 0 0 0 
88000 5470 2859 1695 1252 4 714 0 0 0 
88100 5384 2823 1868 1247 4 812 0 0 0 
88200 4574 2350 1283 1091 0 615 0 0 0 
88300 5060 2613 1548 998 0 641 0 0 0 
88400 4898 2504 1564 1186 11 699 11 0 0 
88500 4779 2503 1558 1127 0 662 0 0 0 
88600 4998 2580 1478 1020 0 524 0 0 0 
88700 5726 3083 2002 1374 0 869 0 0 0 
88800 4935 2478 1576 1141 0 754 0 0 0 
88900 5001 2790 1752 1267 0 805 0 0 0 
89000 4817 2517 1647 1074 4 694 4 0 0 
89100 4450 2476 1464 1076 0 634 0 0 0 
89200 5060 2601 1527 1273 0 726 0 0 0 
89300 5263 2733 1725 1127 0 676 0 0 0 
89400 4288 2137 1251 959 0 546 0 0 0 
89500 5593 2778 1930 1194 0 862 0 0 0 
89600 4634 2254 1511 1235 0 819 0 0 0 
89700 4169 2130 1412 935 0 612 0 0 0 
89800 5325 2669 1859 1371 0 953 0 0 0 
89900 4216 2172 1497 1007 0 714 0 0 0 
90000 4281 2252 1439 1068 0 649 0 0 0 
90100 5321 2651 1956 1422 0 1014 0 0 0 
90200 3656 1831 1181 875 0 490 0 0 0 
90300 4848 2398 1651 1160 0 722 0 0 0 
90400 5223 2583 1883 1366 0 946 0 0 0 
90500 3757 2062 1323 1021 0 571 0 0 0 
90600 5098 2670 2042 1325 0 1027 0 0 0 
90700 5178 2819 1950 1399 0 980 0 0 0 
90800 3250 1667 1119 818 0 548 0 0 0 
90900 5917 2886 2142 1597 0 1187 0 0 0 
91000 4069 2106 1490 1131 0 794 0 0 0 
91100 3804 1909 1232 1051 0 649 0 0 0 
91200 5493 2888 2215 1537 0 1188 0 0 0 
91300 4239 2215 1463 1074 0 771 0 0 0 
91400 4426 2422 1780 1216 0 852 0 0 0 
91500 5183 2816 2125 1429 0 1076 0 0 0 
91600 3967 2142 1342 1018 0 613 0 0 0 
91700 4901 2701 2047 1279 0 947 0 0 0 
91800 4678 2450 1630 1285 0 872 0 0 0 
91900 4217 2352 1629 1114 0 785 0 0 0 
92000 5135 2919 2184 1333 0 1022 0 0 0 
92100 4704 2407 1663 1197 0 833 0 0 0 
92200 4758 2609 2094 1184 0 942 0 0 0 
92300 4354 2390 1760 1176 0 898 0 0 0 
92400 4839 2654 2110 1226 0 1001 0 0 0 
92500 4509 2475 1818 1215 0 909 0 0 0 
92600 3913 2223 1509 918 0 587 0 0 0 
92700 5640 3087 2244 1434 0 1031 0 0 0 
92800 4801 2695 2027 1107 0 773 0 0 0 
92900 4549 2360 1763 1073 3 750 0 0 0 
93000 5570 2990 2400 1405 4 1101 0 0 0 
93100 3766 1899 1345 766 0 551 0 0 0 
93200 6269 3421 2663 1606 0 1242 0 0 0 
93300 4562 2533 1955 1087 0 860 0 0 0 
93400 4012 2157 1512 879 0 571 0 0 0 
93500 5694 3086 2549 1430 0 1197 0 0 0 
93600 3415 1792 1228 771 0 519 0 0 0 
93700 5300 2838 2307 1236 0 1001 0 0 0 
93800 5410 2949 2227 1349 0 1046 0 0 0 
93900 3697 1843 1241 749 0 496 0 0 0 
94000 6031 3388 2615 1460 0 1153 0 0 0 
94100 4415 2272 1649 1038 0 791 0 0 0 
94200 4476 2406 1645 938 0 693 0 0 0 
94300 5839 3251 2452 1406 0 1157 0 0 0 
94400 3770 1893 1222 750 0 485 0 0 0 
94500 5754 3120 2313 1279 0 1011 0 0 0 
94600 4044 2181 1560 938 0 689 0 0 0 
94700 4587 2406 1673 1079 0 715 0 0 0 
94800 5147 3044 2413 1260 0 1018 0 0 0 
94900 3584 2044 1315 815 0 501 0 0 0 
95000 5849 3196 2437 1391 0 987 0 0 0 
95100 5180 2832 2119 1284 0 932 0 0 0 
95200 4268 2055 1397 891 0 483 0 0 0 
95300 5548 2884 2313 1525 12 1037 0 0 0 
95400 4609 2230 1623 1109 0 735 0 0 0 
95500 4759 2459 1795 1064 0 684 0 0 0 
95600 5192 2818 2050 1230 0 886 0 0 0 
95700 4418 2221 1765 1005 0 701 0 0 0 
95800 4846 2513 2033 1111 0 824 0 0 0 
95900 4229 2314 1782 995 0 734 0 0 0 
96000 4916 2355 1919 1221 0 950 0 0 0 
96100 4839 2650 2005 1219 0 910 0 0 0 
96200 4053 2143 1580 905 0 613 0 0 0 
96300 5474 2601 2012 1222 0 928 0 0 0 
96400 5135 2637 1896 1101 0 743 0 0 0 
96500 4810 2414 1742 1004 0 671 0 0 0 
96600 5200 2512 1794 1091 0 725 0 0 0 
96700 4782 2465 1764 1097 0 769 0 0 0 
96800 4744 2348 1674 1002 0 668 0 0 0 
96900 4158 2030 1349 941 0 646 0 0 0 
97000 5770 2806 2097 1282 0 920 0 0 0 
97100 4437 2078 1381 929 0 620 0 0 0 
97200 4719 2322 1654 1008 0 675 0 0 0 
97300 5803 2753 2090 1225 0 918 0 0 0 
97400 4051 2046 1456 865 0 605 0 0 0 
97500 5030 2477 1813 1036 0 689 0 0 0 
97600 4221 2120 1589 998 0 739 0 0 0 
97700 5197 2566 1930 1117 0 740 0 0 0 
97800 4709 2319 1843 982 0 718 0 0 0 
97900 4876 2517 1721 1071 0 639 0 0 0 
98000 5644 2904 2206 1356 0 953 0 0 0 
98100 4965 2747 1879 1069 0 691 0 0 0 
98200 4293 2515 1795 852 0 511 0 0 0 
98300 4877 2620 1981 1196 3 867 0 0 0 
98400 4881 2594 1821 1021 0 646 0 0 0 
98500 4001 2330 1494 1034 0 642 0 0 0 
98600 5629 2938 2197 1318 0 916 0 0 0 
98700 4283 2415 1623 991 0 619 0 0 0 
98800 3663 1957 1257 761 0 497 0 0 0 
98900 5904 3211 2257 1393 0 926 0 0 0 
99000 3964 2068 1370 1029 0 629 0 0 0 
99100 3815 2115 1358 849 0 479 0 0 0 
99200 5358 2750 1898 1340 0 908 0 0 0 
99300 4600 2393 1683 1098 0 760 0 0 0 
99400 3966 2172 1400 902 0 522 0 0 0 
99500 4723 2357 1707 1164 0 820 0 0 0 
99600 4389 2296 1655 1105 0 739 0 0 0 
99700 4174 2069 1416 877 0 549 0 0 0 
99800 5254 2776 2070 1292 0 931 0 0 0 
99900 4625 2434 1800 1104 0 778 0 0 0 
100000 4005 2003 1461 852 0 542 0 0 0 
100100 5758 2871 2098 1327 0 897 0 0 0 
100200 4419 2313 1539 1077 0 641 0 0 0 
100300 4473 2330 1497 921 0 500 0 0 0 
100400 5198 2687 1832 1230 0 804 0 0 0 
100500 4571 2316 1589 867 11 546 0 0 0 
100600 4902 2547 1756 1093 10 650 0 0 0 
100700 4873 2526 1676 1158 16 715 0 0 0 
100800 4001 2047 1479 802 0 517 0 0 0 
100900 5527 2851 2151 1379 2 1018 0 0 0 
101000 4574 2306 1794 880 0 684 0 0 0 
101100 4597 2402 1805 929 0 691 0 0 0 
101200 5724 2910 2295 1248 0 1036 0 0 0 
101300 3984 2070 1432 748 0 465 0 0 0 
101400 5392 2860 2183 1098 0 802 0 0 0 
101500 5295 2611 1993 1031 0 768 0 0 0 
101600 3817 1835 1320 740 0 495 0 0 0 
101700 5164 2741 2163 1127 0 845 0 0 0 
101800 5012 2726 2098 1149 0 842 0 0 0 
101900 4323 2341 1783 758 0 540 0 0 0 
102000 4875 2607 2198 1159 0 901 0 0 0 
102100 4745 2632 2198 1135 0 893 0 0 0 
102200 4328 2182 1764 877 0 678 0 0 0 
102300 4720 2606 2016 1193 0 955 0 0 0 
102400 4062 2139 1522 798 0 567 0 0 0 
102500 4675 2588 1948 1126 0 858 0 0 0 
102600 4623 2517 1915 1108 0 795 0 0 0 
102700 4606 2449 1734 926 0 645 0 0 0 
102800 5027 2772 2090 1090 0 806 0 0 0 
102900 3826 2095 1484 845 0 565 0 0 0 
103000 5401 2855 2163 1193 0 933 0 0 0 
103100 4705 2337 1709 1098 0 830 0 0 0 
103200 3980 2104 1608 836 0 627 0 0 0 
103300 5020 2731 2040 1253 0 951 0 0 0 
103400 4853 2596 1946 1080 0 832 0 0 0 
103500 4676 2503 1919 1009 0 746 0 0 0 
103600 5521 2841 2172 1237 0 995 0 0 0 
103700 4333 2334 1734 1031 0 721 0 0 0 
103800 5089 2623 1857 1334 0 942 0 0 0 
103900 4437 2296 1630 992 0 747 0 0 0 
104000 4753 2523 1761 1214 0 834 0 0 0 
104100 4883 2619 1781 1311 0 932 0 0 0 
104200 4574 2519 1786 1088 0 759 0 0 0 
104300 5111 2789 1951 1328 0 906 0 0 0 
104400 4283 2093 1546 948 0 693 0 0 0 
104500 3853 2092 1404 954 0 643 0 0 0 
104600 4902 2436 1790 1238 0 914 0 0 0 
104700 4521 2274 1658 1149 0 840 0 0 0 
104800 3953 1919 1273 785 0 550 0 0 0 
104900 4647 2346 1683 1138 0 852 0 0 0 
105000 4251 2358 1811 1058 0 790 0 0 0 
105100 4500 2465 1844 1095 0 794 0 0 0 
105200 5044 2645 2029 1289 0 980 0 0 0 
105300 4390 2532 1904 1131 0 813 0 0 0 
105400 4232 2265 1719 1138 0 809 0 0 0 
105500 4029 2419 1918 1010 0 772 0 0 0 
105600 4541 2565 2113 1280 0 956 0 0 0 
105700 4887 2801 2241 1309 0 982 0 0 0 
105800 3538 2091 1707 883 0 682 0 0 0 
105900 5176 2690 2206 1403 0 1140 0 0 0 
106000 4383 2618 2124 1219 0 994 0 0 0 
106100 3270 1934 1573 788 0 606 0 0 0 
106200 5100 2874 2389 1448 0 1200 0 0 0 
106300 3913 2314 1872 980 0 824 0 0 0 
106400 4240 2339 1919 1202 0 1005 0 0 0 
106500 5466 2960 2421 1556 0 1259 0 0 0 
106600 3647 2063 1529 985 0 735 0 0 0 
106700 4308 2301 1781 1206 0 869 0 0 0 
106800 4826 2709 2094 1373 0 1096 0 0 0 
106900 3820 2057 1499 1071 0 758 0 0 0 
107000 5114 2688 2160 1435 0 1132 0 0 0 
107100 3888 2096 1517 1020 0 770 0 0 0 
107200 4859 2675 1922 1384 0 963 0 0 0 
107300 4352 2296 1597 1101 0 780 0 0 0 
107400 3973 2286 1403 982 0 519 0 0 0 
107500 5024 2592 1740 1228 0 813 0 0 0 
107600 4233 2383 1603 1125 0 711 0 0 0 
107700 4634 2489 1511 1189 0 675 0 0 0 
107800 4870 2721 1743 1223 0 755 0 0 0 
107900 4150 2271 1285 977 0 477 0 0 0 
108000 4622 2561 1809 1086 0 717 0 0 0 
108100 4947 2660 1675 1331 0 761 0 0 0 
108200 4335 2307 1285 1158 0 534 0 0 0 
108300 5734 3149 2002 1492 0 852 0 0 0 
108400 4365 2268 1209 1103 2 565 0 0 0 
108500 5263 3002 1772 1385 0 794 0 0 0 
108600 4909 2774 1911 1389 0 915 0 0 0 
108700 3825 2128 1257 1080 0 572 0 0 0 
108800 5498 3105 2077 1643 0 1092 0 0 0 
108900 4409 2316 1482 1141 0 681 0 0 0 
109000 4383 2569 1548 1239 0 698 0 0 0 
109100 5035 2933 2025 1395 0 1010 0 0 0 
109200 4607 2438 1544 1268 0 803 0 0 0 
109300 4581 2756 1875 1303 0 886 0 0 0 
109400 4923 2638 1815 1218 0 807 0 0 0 
109500 4293 2372 1579 1138 0 736 0 0 0 
109600 4592 2546 1874 1179 0 779 0 0 0 
109700 4635 2483 1693 1210 7 768 0 0 0 
109800 4752 2753 2004 1361 0 958 0 0 0 
109900 4570 2668 1965 1238 0 885 0 0 0 
110000 3523 2176 1471 975 0 607 0 0 0 
110100 4676 2759 2236 1359 0 1051 0 0 0 
110200 4078 2245 1716 1263 0 920 0 0 0 
110300 4097 2320 1614 1187 0 744 0 0 0 
110400 5762 3136 2348 1734 0 1238 0 0 0 
110500 4948 2599 1709 1408 0 890 0 0 0 
110600 4396 2337 1519 1167 0 690 0 0 0 
110700 5645 3019 2207 1545 0 1087 0 0 0 
110800 4815 2379 1659 1106 0 748 0 0 0 
110900 4240 2349 1489 1126 0 678 0 0 0 
111000 5000 2476 1747 1330 0 930 0 0 0 
111100 4984 2683 1856 1256 0 906 0 0 0 
111200 4183 2225 1465 1099 0 646 0 0 0 
111300 4153 2148 1523 997 0 705 0 0 0 
111400 5029 2603 1885 1288 0 890 0 0 0 
111500 4267 2311 1524 1115 0 688 0 0 0 
111600 4206 2210 1432 1099 0 680 0 0 0 
111700 5330 2750 1994 1387 0 1023 0 0 0 
111800 4175 2174 1450 1072 0 723 0 0 0 
111900 4607 2495 1745 1248 0 838 0 0 0 
112000 5136 2660 1883 1353 0 960 0 0 0 
112100 4537 2380 1460 1213 0 739 0 0 0 
112200 4984 2520 1681 1225 0 756 0 0 0 
112300 4811 2384 1562 1244 10 767 10 0 0 
112400 4978 2672 1706 1336 9 884 9 0 0 
112500 4122 2181 1286 997 13 554 13 0 0 
112600 5460 2945 1990 1397 0 979 0 0 0 
112700 5758 3080 2069 1515 0 1012 0 0 0 
112800 3505 1836 1115 780 0 493 0 0 0 
112900 5653 2916 1973 1419 0 960 0 0 0 
113000 5150 2758 1797 1348 0 932 0 0 0 
113100 4012 2046 1268 1032 0 648 0 0 0 
113200 4523 2454 1524 1142 0 718 0 0 0 
113300 5786 2987 1880 1547 0 978 0 0 0 
113400 4228 2241 1357 1077 0 660 0 0 0 
113500 4976 2543 1711 1284 0 822 0 0 0 
113600 5218 2848 1759 1473 0 850 0 0 0 
113700 4232 2187 1446 1054 8 680 8 0 0 
113800 4551 2581 1566 1227 3 741 3 0 0 
113900 5323 2896 1932 1405 7 939 7 0 0 
114000 5179 2910 2025 1414 9 992 9 0 0 
114100 3626 2052 1249 1005 0 587 0 0 0 
114200 5322 2968 2121 1636 20 1232 20 0 0 
114300 5742 3140 2138 1678 0 1166 0 0 0 
114400 3313 1865 1223 935 8 631 8 0 0 
114500 5087 2687 1720 1385 2 932 2 0 0 
114600 5388 2981 2046 1568 0 1105 0 0 0 
114700 3531 1942 1229 1014 0 622 0 0 0 
114800 4868 2686 1745 1332 0 943 0 0 0 
114900 5356 2877 2076 1640 0 1223 0 0 0 
115000 4036 2228 1461 1144 0 802 0 0 0 
115100 4141 2329 1516 1073 0 745 0 0 0 
115200 5529 3214 2200 1646 0 1158 0 0 0 
115300 4327 2317 1489 1135 0 747 0 0 0 
115400 4453 2704 1671 1282 0 790 0 0 0 
115500 5260 3053 2094 1482 0 1014 0 0 0 
115600 4299 2334 1699 1221 0 913 0 0 0 
115700 4122 2380 1512 1230 0 805 0 0 0 
115800 5193 3025 2093 1598 0 1106 0 0 0 
115900 4651 2458 1593 1239 0 837 0 0 0 
116000 4271 2571 1585 1266 0 775 0 0 0 
116100 5449 3056 1940 1647 0 1024 0 0 0 
116200 4405 2547 1712 1263 0 828 0 0 0 
116300 4717 2750 1528 1499 0 777 0 0 0 
116400 4847 2844 1876 1584 0 1029 0 0 0 
116500 4787 2873 1931 1456 0 908 0 0 0 
116600 3991 2482 1458 1223 0 686 0 0 0 
116700 4173 2755 1731 1287 0 793 0 0 0 
116800 4901 3049 1986 1634 0 1026 0 0 0 
116900 4593 2981 1951 1562 0 966 0 0 0 
117000 4287 2927 1925 1449 0 864 0 0 0 
117100 4448 2828 1770 1514 0 964 0 0 0 
117200 4507 2893 1939 1510 0 967 0 0 0 
117300 4424 2910 1863 1542 0 907 0 0 0 
117400 4329 2827 1877 1479 0 969 0 0 0 
117500 5290 3246 2229 1623 0 1060 0 0 0 
117600 4279 2950 1871 1456 0 898 0 0 0 
117700 4059 2679 1770 1211 0 788 0 0 0 
117800 5375 3414 2292 1676 0 1121 0 0 0 
117900 3983 2761 1832 1137 0 699 0 0 0 
118000 4280 3097 1987 1396 0 835 0 0 0 
118100 5696 3752 2428 1718 0 1083 0 0 0 
118200 4005 2678 1735 1230 0 752 0 0 0 
118300 4325 2916 1879 1331 0 742 0 0 0 
118400 5212 3328 2428 1710 0 1183 0 0 0 
118500 4208 2567 1526 1230 0 688 0 0 0 
118600 4719 3235 2025 1703 0 971 0 0 0 
118700 4662 2943 1903 1441 0 863 0 0 0 
118800 4969 3129 1917 1539 0 941 0 0 0 
118900 4849 3295 2025 1541 0 952 0 0 0 
119000 4444 3022 1883 1383 0 850 0 0 0 
119100 4577 2936 1890 1380 0 845 0 0 0 
119200 4594 2983 1811 1475 0 822 0 0 0 
119300 4461 2796 1752 1386 0 849 0 0 0 
119400 4990 3026 1966 1549 0 998 0 0 0 
119500 4449 2816 1646 1477 0 909 0 0 0 
119600 4562 2889 1742 1331 0 760 0 0 0 
119700 4864 2898 1734 1609 0 1024 0 0 0 
119800 4564 2655 1565 1443 0 892 0 0 0 
119900 4254 2565 1530 1245 0 759 0 0 0 
120000 4630 2696 1785 1363 0 897 0 0 0 
120100 4885 2780 1723 1417 0 894 0 0 0 
120200 4401 2816 1708 1255 0 738 0 0 0 
120300 4693 2839 1688 1472 8 884 0 0 0 
120400 5012 3009 1719 1527 7 968 0 0 0 
120500 4818 3003 1735 1368 4 798 0 0 0 
120600 4768 2740 1670 1435 7 862 0 0 0 
120700 5271 3198 1986 1498 0 886 0 0 0 
120800 4796 2884 1542 1472 0 870 0 0 0 
120900 5006 3337 1997 1599 2 938 2 0 0 
121000 5360 3322 1945 1645 0 953 0 0 0 
121100 4895 3185 1918 1458 0 805 0 0 0 
121200 4474 2862 1739 1259 0 742 0 0 0 
121300 5497 3376 2161 1663 0 1020 0 0 0 
121400 4593 2620 1615 1272 0 834 0 0 0 
121500 4211 2471 1397 1189 0 696 0 0 0 
121600 4946 3185 1982 1539 0 934 0 0 0 
121700 5069 2907 1748 1400 0 882 0 0 0 
121800 3780 2377 1345 1142 0 654 0 0 0 
121900 5088 3284 2085 1562 0 938 0 0 0 
122000 5304 3210 1942 1579 5 1021 2 0 0 
122100 3937 2382 1404 1110 0 616 2 0 0 
122200 4843 3051 1759 1608 4 871 4 0 0 
122300 4302 2539 1592 1333 1 855 5 0 0 
122400 4683 2837 1648 1497 0 841 0 0 0 
122500 3801 2548 1412 1295 0 630 4 0 0 
122600 5361 3271 1965 1680 4 965 0 0 0 
122700 5145 3120 1841 1609 2 923 0 0 0 
122800 3907 2638 1459 1143 0 533 0 0 0 
122900 5459 3403 2139 1680 0 1009 0 0 0 
123000 5116 3032 1945 1584 0 979 0 0 0 
123100 4276 2773 1648 1322 0 722 0 0 0 
123200 5186 3069 1998 1511 0 926 0 0 0 
123300 4781 3005 2017 1474 0 935 0 0 0 
123400 4550 2712 1673 1333 0 772 0 0 0 
123500 4292 2750 1727 1369 0 860 0 0 0 
123600 5054 3103 1968 1500 6 983 0 0 0 
123700 4538 2668 1518 1330 0 718 0 0 0 
123800 3937 2582 1440 1100 6 544 4 0 0 
123900 5168 3231 1848 1609 0 913 0 0 0 
124000 4604 2753 1703 1383 0 895 0 0 0 
124100 4229 2660 1411 1222 0 612 0 0 0 
124200 5170 3080 1865 1468 2 877 0 0 0 
124300 5625 3382 1950 1751 14 1051 0 0 0 
124400 4076 2386 1128 1116 7 538 0 0 0 
124500 4120 2466 1470 1127 0 669 0 0 0 
124600 5791 3371 1963 1707 0 960 0 0 0 
124700 3922 2499 1360 1218 0 640 0 0 0 
124800 4372 2741 1468 1411 2 689 0 0 0 
124900 5317 3193 2074 1550 0 1017 0 0 0 
125000 3911 2322 1312 1137 6 603 0 0 0 
125100 4339 2333 1378 1043 4 530 0 0 0 
125200 5286 2946 1941 1501 0 964 0 0 0 
125300 4779 2445 1569 1160 19 691 0 0 0 
125400 3689 2151 1260 990 6 521 0 0 0 
125500 5848 3065 2079 1443 8 962 0 0 0 
125600 4802 2649 1789 1247 19 800 0 0 0 
125700 4141 2278 1408 934 6 558 0 0 0 
125800 4632 2499 1736 1088 0 765 0 0 0 
125900 5319 2840 1938 1286 33 878 0 0 0 
126000 4123 2498 1631 993 15 630 0 0 0 
126100 3983 2283 1498 935 0 609 0 0 0 
126200 4895 3015 2163 1358 67 1028 0 0 0 
126300 3999 2600 1702 1053 23 701 1 0 0 
126400 3702 2102 1375 833 0 562 0 0 0 
126500 4556 2937 2005 1244 40 849 0 0 0 
126600 4345 2653 1629 1156 19 752 0 0 0 
126700 3799 2414 1432 1004 0 602 0 0 0 
126800 4888 2947 2023 1480 43 1039 0 0 0 
126900 4819 2722 1826 1269 32 869 0 0 0 
127000 3539 1993 1287 960 2 580 1 0 0 
127100 5150 2894 1812 1406 65 879 0 0 0 
127200 4855 2837 1755 1430 75 874 0 0 0 
127300 3884 2367 1402 1070 4 629 0 0 0 
127400 4850 2813 1821 1352 117 837 4 0 0 
127500 5306 3259 2177 1549 108 1043 5 0 0 
127600 3355 2027 1281 933 16 556 0 0 0 
127700 4788 2968 2027 1402 98 990 1 0 0 
127800 4906 3052 1989 1437 76 917 2 0 0 
127900 4269 2538 1547 1209 38 710 10 0 0 
128000 4254 2669 1619 1335 52 817 2 0 0 
128100 4657 2623 1787 1379 45 995 14 0 0 
128200 3912 2368 1615 1274 25 958 0 0 0 
128300 3810 2066 1396 970 24 648 0 0 0 
128400 4797 2846 2058 1428 35 1060 0 0 0 
128500 4135 2401 1585 1150 13 664 2 0 0 
128600 3650 2183 1531 1144 6 785 0 0 0 
128700 4711 3002 2113 1586 50 1089 0 0 0 
128800 4081 2565 1805 1331 10 927 0 0 0 
128900 3683 2355 1520 1157 54 734 0 0 0 
129000 4482 2752 2005 1429 55 1020 0 0 0 
129100 4533 2856 1985 1556 40 1075 0 0 0 
129200 3452 2044 1216 1124 13 688 0 0 0 
129300 5134 3391 2255 1918 68 1313 0 0 0 
129400 4286 2560 1580 1346 19 796 0 0 0 
129500 3801 2522 1462 1495 36 942 0 0 0 
129600 4302 2826 1753 1439 29 912 4 0 0 
129700 4541 2855 1781 1776 41 1229 6 0 0 
129800 4102 2536 1562 1547 13 1025 2 0 0 
129900 3891 2319 1551 1336 28 897 0 0 0 
130000 4552 2677 1825 1594 28 1180 0 0 0 
130100 4076 2404 1602 1404 18 995 0 0 0 
130200 4005 2152 1371 1395 47 968 0 0 0 
130300 4699 2715 1773 1472 34 1020 0 0 0 
130400 4068 2150 1238 1440 20 998 0 0 0 
130500 3912 2328 1562 1301 41 932 0 0 0 
130600 4987 2804 1909 1873 18 1390 0 0 0 
130700 4117 2340 1568 1313 9 977 0 0 0 
130800 3946 2423 1581 1558 38 1072 0 0 0 
130900 4862 2508 1712 1530 19 1098 0 0 0 
131000 5079 2878 1908 1701 5 1193 0 0 0 
131100 4181 2395 1525 1489 66 923 0 0 0 
131200 4708 2776 2026 1532 26 1084 0 0 0 
131300 4721 2639 1857 1634 10 1156 0 0 0 
131400 4325 2335 1457 1554 39 1003 0 0 0 
131500 4455 2391 1668 1596 27 1182 0 0 0 
131600 4635 2409 1681 1394 2 991 0 0 0 
131700 4312 2375 1617 1272 41 882 0 0 0 
131800 4464 2274 1518 1292 19 864 0 0 0 
131900 4437 2343 1543 1304 11 915 0 0 0 
132000 5244 2930 1986 1452 37 946 0 0 0 
132100 4007 2254 1374 1168 65 750 0 0 0 
132200 4719 2577 1857 1299 6 942 0 0 0 
132300 5065 2766 1855 1412 68 975 0 0 0 
132400 3647 2094 1317 997 46 674 0 0 0 
132500 4425 2317 1410 1123 46 753 0 0 0 
132600 4935 2834 1893 1512 89 1152 0 0 0 
132700 4029 2479 1549 1173 75 761 0 0 0 
132800 3863 2193 1241 1165 26 748 0 0 0 
132900 5021 3044 2002 1502 91 1015 3 0 0 
133000 4261 2400 1424 1209 53 808 3 0 0 
133100 3776 2039 1256 984 42 649 1 0 0 
133200 5311 3160 2186 1586 66 1168 0 0 0 
133300 4417 2680 1634 1412 84 975 0 0 0 
133400 3840 2412 1512 1048 56 727 0 0 0 
133500 5107 3329 2059 1599 90 1039 0 0 0 
133600 4905 3129 1891 1411 73 900 0 0 0 
133700 4470 2871 1619 1240 82 694 0 0 0 
133800 5050 3042 1878 1396 71 941 0 0 0 
133900 5139 3232 2065 1464 84 945 0 0 0 
134000 4064 2362 1312 1034 54 575 0 0 0 
134100 4943 2717 1514 1299 45 770 0 0 0 
134200 5247 3055 1880 1404 57 914 0 0 0 
134300 4344 2418 1437 1099 70 584 0 0 0 
134400 4299 2452 1313 1023 60 590 0 0 0 
134500 5920 3430 2176 1615 63 1086 0 0 0 
134600 4233 2206 1242 1123 26 659 0 0 0 
134700 5080 2814 1681 1291 34 745 0 0 0 
134800 5663 3072 1958 1559 31 1005 0 0 0 
134900 4667 2541 1536 1234 19 762 0 0 0 
135000 4882 2623 1656 1306 10 821 0 0 0 
135100 5269 2777 1904 1392 18 940 0 0 0 
135200 4417 2178 1350 1143 15 721 0 0 0 
135300 4656 2442 1692 1154 29 794 0 0 0 
135400 4563 2412 1477 1209 15 793 0 0 0 
135500 5033 2709 1739 1310 31 851 0 0 0 
135600 5037 2716 1764 1335 2 929 0 0 0 
135700 4879 2699 1431 1277 52 715 0 0 0 
135800 4873 2714 1685 1377 12 944 0 0 0 
135900 5069 2815 1512 1367 76 759 0 0 0 
136000 4592 2656 1444 1275 43 736 0 0 0 
136100 5522 3273 1753 1549 93 826 0 0 0 
136200 4884 2900 1593 1407 59 828 0 0 0 
136300 5217 2884 1599 1386 95 805 0 0 0 
136400 5176 2905 1645 1389 57 778 0 0 0 
136500 4568 2451 1371 1091 38 600 0 0 0 
136600 5041 2877 1411 1330 34 679 0 0 0 
136700 4875 2777 1512 1246 38 709 0 0 0 
136800 4946 2766 1524 1242 43 686 6 0 0 
136900 4598 2519 1583 1070 49 693 4 0 0 
137000 4898 2672 1534 1232 48 683 0 0 0 
137100 5083 2792 1643 1417 58 794 24 0 0 
137200 4765 2570 1577 1185 49 695 12 0 0 
137300 4678 2529 1363 1130 48 578 8 0 0 
137400 5024 2929 1875 1275 16 781 0 0 0 
137500 4898 2872 1830 1306 77 794 40 0 0 
137600 4900 2735 1673 1252 56 694 6 0 0 
137700 5673 3153 2021 1506 40 908 4 0 0 
137800 4873 2694 1585 1181 63 615 0 0 0 
137900 4950 2625 1779 1239 59 789 22 0 0 
138000 4947 2733 1753 1374 89 808 21 0 0 
138100 4386 2512 1479 1168 12 690 12 0 0 
138200 4689 2680 1560 1370 75 650 0 0 0 
138300 4869 2886 1660 1427 89 786 54 0 0 
138400 5320 3257 1842 1633 102 800 30 0 0 
138500 4457 2652 1621 1255 14 682 10 0 0 
138600 5114 3163 1752 1648 94 817 14 0 0 
138700 4595 3027 1715 1527 119 829 63 0 0 
138800 4471 2832 1530 1519 97 825 13 0 0 
138900 4709 2997 1708 1407 58 787 8 0 0 
139000 4423 2778 1585 1365 71 783 39 0 0 
139100 4625 2894 1653 1535 118 913 58 0 0 
139200 4966 2946 1773 1413 69 842 31 0 0 
139300 4374 2851 1801 1331 8 786 2 0 0 
139400 4959 3152 1833 1630 97 987 58 0 0 
139500 4851 3058 1692 1635 136 947 56 0 0 
139600 4697 3154 1825 1614 62 955 22 0 0 
139700 4944 3337 1767 1685 46 872 7 0 0 
139800 4190 2444 1266 1283 93 703 47 0 0 
139900 5373 3426 1663 2030 198 1060 93 0 0 
140000 4497 2778 1472 1448 108 787 40 0 0 
140100 4310 2552 1349 1140 38 575 0 0 0 
140200 5112 3319 1697 1718 148 938 77 0 0 
140300 4775 3016 1572 1508 157 826 95 0 0 
140400 4135 2721 1384 1328 47 716 22 0 0 
140500 5354 3532 2023 1615 4 897 0 0 0 
140600 4734 3264 1682 1722 186 891 139 0 0 
140700 4846 3198 1498 1764 188 884 105 0 0 
140800 5039 3354 1807 1693 82 887 40 0 0 
140900 4328 2935 1581 1554 17 789 0 0 0 
141000 4288 2792 1405 1653 211 886 135 0 0 
141100 4807 3129 1514 1927 234 1107 145 0 0 
141200 4984 3321 1840 1683 111 849 55 0 0 
141300 4038 2727 1409 1359 87 690 33 0 0 
141400 4586 2808 1290 1854 367 958 195 0 0 
141500 5136 3350 1605 2166 320 1193 195 0 0 
141600 4817 3187 1479 1889 180 891 59 0 0 
141700 4245 2694 1143 1794 190 916 95 0 0 
141800 5197 3403 1499 2378 464 1256 233 0 0 
141900 4979 2986 1394 2082 310 1023 164 0 0 
142000 3899 2429 1032 1571 191 732 62 0 0 
142100 4639 2970 1415 2017 250 1070 120 0 0 
142200 4561 2932 1385 2025 303 1085 141 0 0 
142300 3691 2291 1068 1582 264 758 116 0 0 
142400 4739 2892 1294 2204 445 1178 205 0 0 
142500 5003 3162 1542 2318 470 1240 231 0 0 
142600 4024 2414 1075 1576 243 697 103 0 0 
142700 4155 2694 1182 1844 335 748 119 0 0 
142800 5498 3631 1533 2819 573 1453 297 0 0 
142900 4651 2947 1206 2131 459 899 169 0 0 
143000 3738 2602 1116 1597 252 685 87 0 0 
143100 6120 4037 1813 2926 642 1509 276 0 0 
143200 4546 2879 1063 2156 493 1066 244 0 0 
143300 3857 2621 915 1720 309 647 111 0 0 
143400 4919 3451 1628 2077 216 844 51 0 0 
143500 4515 3124 1384 2059 365 981 174 0 0 
143600 4036 2674 981 1684 340 651 135 0 0 
143700 4970 3568 1704 1950 196 913 56 0 0 
143800 4592 3391 1515 1982 248 987 103 0 0 
143900 4186 2825 1014 1992 456 897 238 0 0 
144000 4962 3497 1525 2245 299 1164 132 0 0 
144100 4850 3449 1584 2111 229 966 43 0 0 
144200 3957 2644 918 1712 279 731 104 0 0 
144300 5139 3742 1249 2839 541 1148 235 0 0 
144400 4666 3231 1208 2388 363 1033 115 0 0 
144500 4084 2786 785 1930 296 614 55 0 0 
144600 4725 3149 892 2686 525 1111 202 0 0 
144700 5349 3815 1419 2837 492 1267 192 0 0 
144800 4315 2952 831 2248 341 800 49 0 0 
144900 3534 2510 802 1949 308 754 88 0 0 
145000 5418 3697 1222 2986 615 1187 213 0 0 
145100 3975 2866 944 2088 392 832 110 0 0 
145200 3979 2842 842 2158 408 586 53 0 0 
145300 5527 3871 1476 3043 626 1162 199 0 0 
145400 4514 3019 1098 2442 533 836 166 0 0 
145500 4272 2967 846 2437 531 647 61 0 0 
145600 4356 3136 1204 2176 354 700 43 0 0 
145700 4380 2966 858 2740 700 851 138 0 0 
145800 4075 2907 944 2267 457 776 128 0 0 
145900 4573 3287 933 2780 572 769 65 0 0 
146000 4457 3095 1081 2377 374 854 87 0 0 
146100 4799 3341 1000 2963 613 964 183 0 0 
146200 4083 2854 986 2251 380 868 130 0 0 
146300 4484 3356 1324 2610 481 883 81 0 0 
146400 4268 3151 1096 2441 413 959 149 0 0 
146500 4320 2977 1017 2725 625 1065 199 0 0 
146600 4268 2839 1091 2224 319 815 62 0 0 
146700 4413 3086 1151 2460 440 792 63 0 0 
146800 4709 3369 1502 2448 400 959 138 0 0 
146900 4285 2904 1195 2257 404 779 102 0 0 
147000 4136 2997 1240 2165 308 825 86 0 0 
147100 5080 3659 1607 2834 532 1177 188 0 0 
147200 4133 2779 1183 2140 427 851 176 0 0 
147300 4341 3065 1221 2218 318 783 78 0 0 
147400 4281 2891 1288 2222 404 945 128 0 0 
147500 4227 2861 1036 2418 473 982 172 0 0 
147600 4100 2931 1300 2204 347 902 106 0 0 
147700 4604 3214 1271 2736 417 1022 102 0 0 
147800 4113 2927 990 2395 497 960 201 0 0 
147900 3985 2657 954 2309 473 861 177 0 0 
148000 4277 3111 1292 2388 363 925 103 0 0 
148100 4530 3088 1119 2657 560 1079 234 0 0 
148200 4067 2481 991 2141 453 917 225 0 0 
148300 4481 3012 1214 2460 494 985 175 0 0 
148400 4953 3254 1343 2597 473 1307 241 0 0 
148500 4386 2832 1064 2330 455 951 147 0 0 
148600 4409 2943 1162 2441 415 1081 183 0 0 
148700 5536 3731 1632 3083 647 1596 290 0 0 
148800 4591 3053 1193 2606 533 1223 213 0 0 
148900 3215 2012 686 1954 475 746 177 0 0 
149000 5484 3766 1691 3189 669 1758 314 0 0 
149100 4654 3028 1214 2800 645 1331 317 0 0 
149200 3296 2252 660 2151 455 775 176 0 0 
149300 4784 3233 1458 2570 491 1269 167 0 0 
149400 4963 3419 1411 3226 754 1502 324 0 0 
149500 3590 2390 723 2370 628 1053 253 0 0 
149600 4591 3076 1295 2845 670 1257 222 0 0 
149700 4867 3568 1427 2998 559 1336 257 0 0 
149800 4488 2972 799 3049 837 1209 355 0 0 
149900 4510 2926 1055 2682 656 1263 303 0 0 
150000 4591 3277 1192 2897 662 1144 199 0 0 
150100 4534 2924 1012 2728 608 1301 260 0 0 
150200 4648 2885 922 2946 800 1315 337 0 0 
150300 3629 2267 776 2293 505 1006 225 0 0 
150400 4262 2792 1117 2439 471 904 140 0 0 
150500 4781 2934 1079 3068 813 1445 380 0 0 
150600 3977 2530 761 2643 712 1074 314 0 0 
150700 4440 3084 1336 2619 516 1140 170 0 0 
150800 4359 2902 1078 2679 623 1244 269 0 0 
150900 4301 3169 1037 3106 863 1391 418 0 0 
151000 4967 3377 1528 2960 551 1447 286 0 0 
151100 3920 2653 1106 2390 444 1033 123 0 0 
151200 3485 2444 828 2404 584 1037 279 0 0 
151300 4663 3066 1172 3177 805 1443 358 0 0 
151400 3782 2823 1049 2587 424 1098 179 0 0 
151500 3116 2294 719 2228 411 748 83 0 0 
151600 4952 3363 1272 3115 701 1554 347 0 0 
151700 3930 2727 914 2667 604 1200 265 0 0 
151800 4291 2931 1252 2533 448 1065 155 0 0 
151900 4212 2817 1192 2435 480 1186 169 0 0 
152000 4114 2769 779 2933 752 1326 354 0 0 
152100 5196 3441 1364 3138 661 1568 323 0 0 
152200 4533 2971 1153 2551 499 1236 197 0 0 
152300 3426 2345 666 2137 444 1033 226 0 0 
152400 5301 3404 1179 3267 780 1715 391 0 0 
152500 4695 3130 1216 2853 566 1617 325 0 0 
152600 3521 2402 661 2360 538 1056 140 0 0 
152700 3860 2386 718 2392 600 1227 347 0 0 
152800 5606 3543 1137 3803 991 1934 438 0 0 
152900 3672 2523 766 2423 527 1094 230 0 0 
153000 3597 2453 781 2442 475 1249 149 0 0 
153100 4882 3204 1077 3303 791 1766 364 0 0 
153200 4144 2801 960 2869 619 1603 309 0 0 
153300 4392 2721 1016 2740 653 1340 208 0 0 
153400 4092 2603 863 2693 702 1359 340 0 0 
153500 4798 3037 942 3262 885 1764 393 0 0 
153600 4137 2602 999 2628 674 1355 285 0 0 
153700 3843 2514 616 2751 668 1217 197 0 0 
153800 4681 2893 945 3044 845 1669 447 0 0 
153900 5515 3478 1108 3774 899 1846 359 0 0 
154000 3357 2313 636 2535 673 1157 313 0 0 
154100 4434 2863 858 2981 789 1255 304 0 0 
154200 5635 3588 1153 3937 1067 1971 468 0 0 
154300 3377 2222 573 2403 631 956 236 0 0 
154400 4252 2762 616 2880 557 1226 231 0 0 
154500 5049 3199 929 3440 933 1573 443 0 0 
154600 4964 2974 619 3510 981 1591 514 0 0 
154700 3721 2310 619 2296 533 965 220 0 0 
154800 4178 2646 590 2812 649 1250 259 0 0 
154900 4744 3092 551 3736 1068 1817 539 0 0 
155000 4601 2922 638 3486 1033 1716 558 0 0 
155100 3864 2302 447 2843 733 1153 311 0 0 
155200 3598 2466 728 2457 417 1140 170 0 0 
155300 5328 3263 675 4181 1257 2231 676 0 0 
155400 4113 2555 603 2941 742 1482 396 0 0 
155500 3634 2208 571 2465 586 1087 250 0 0 
155600 4201 2596 681 2945 668 1391 319 0 0 
155700 4739 2717 357 3931 1233 1963 683 0 0 
155800 3491 1990 366 2572 627 1193 283 0 0 
155900 4328 2644 686 3089 567 1353 210 0 0 
156000 5003 2802 541 3907 1091 1861 561 0 0 
156100 4470 2315 333 3555 998 1786 596 0 0 
156200 3672 2068 509 2713 574 1194 266 0 0 
156300 3639 2057 423 2722 537 1369 241 0 0 
156400 5028 2542 296 4118 1253 2137 660 0 0 
156500 3861 2410 380 3109 823 1713 463 0 0 
156600 3900 2266 473 2866 604 1275 280 0 0 
156700 3584 2159 313 2798 776 1446 402 0 0 
156800 4923 2915 352 4055 1264 2205 662 0 0 
156900 3407 2119 282 2569 593 1467 308 0 0 
157000 4045 2469 413 3141 697 1552 300 0 0 
157100 4397 2647 281 3640 1120 1996 654 0 0 
157200 4494 2804 357 3610 981 1953 596 0 0 
157300 3643 2054 378 2631 605 1206 300 0 0 
157400 3451 2056 206 2693 617 1373 284 0 0 
157500 4950 3052 330 4185 1191 2364 657 0 0 
157600 4093 2594 326 3518 952 1891 487 0 0 
157700 3520 2083 166 2667 475 1483 257 0 0 
157800 4096 2631 233 3595 997 1952 491 0 0 
157900 4771 2955 365 3854 1073 2435 615 0 0 
158000 3778 2237 179 2843 685 1537 307 0 0 
158100 3548 2251 257 2566 484 1543 225 0 0 
158200 4933 3006 286 4111 1280 2223 702 0 0 
158300 4651 2897 242 3962 1148 2393 685 0 0 
158400 3418 2019 193 2708 741 1384 338 0 0 
158500 3150 1964 198 2625 667 1439 329 0 0 
158600 4525 2954 160 4127 1388 2367 685 0 0 
158700 3823 2342 113 3360 1114 1784 554 0 0 
158800 3467 2043 143 2592 599 1459 253 0 0 
158900 3832 2164 122 3270 973 1719 479 0 0 
159000 5095 2944 167 4528 1514 2692 805 0 0 
159100 4132 2340 143 3407 975 1935 516 0 0 
159200 3154 1789 117 2491 596 1397 341 0 0 
159300 4516 2953 222 4343 1453 2523 776 0 0 
159400 3922 2485 156 3780 1327 2253 819 0 0 
159500 3651 2393 244 3093 788 1803 390 0 0 
159600 2582 1662 153 2359 672 1208 302 0 0 
159700 4554 3199 143 4479 1386 2777 784 0 0 
159800 3442 2243 184 3097 972 1708 504 0 0 
159900 3172 2052 76 2665 712 1353 291 0 0 
160000 3451 2383 185 2942 829 1668 396 0 0 
160100 4435 2845 191 4123 1458 2102 742 0 0 
160200 3773 2234 94 3442 1034 1756 508 0 0 
160300 3484 2076 256 2915 826 1394 381 0 0 
160400 4080 2517 169 3768 1258 1981 635 0 0 
160500 4144 2481 116 4054 1421 2142 768 0 0 
160600 3878 2227 209 3409 1078 1669 495 0 0 
160700 3497 2228 142 3422 1006 1663 448 0 0 
160800 4152 2502 120 3941 1404 1903 686 0 0 
160900 3692 2292 152 3376 1122 1751 560 0 0 
161000 3474 2058 86 3140 1028 1536 534 0 0 
161100 3558 2277 76 3502 1189 1826 590 0 0 
161200 4050 2461 163 3563 1181 1754 615 0 0 
161300 3943 2315 112 3440 1088 1604 491 0 0 
161400 3639 2130 116 3339 1089 1656 503 0 0 
161500 4470 2789 111 4092 1234 2071 556 0 0 
161600 3977 2304 65 3557 1164 1747 497 0 0 
161700 3804 2196 148 3236 1012 1642 432 0 0 
161800 4226 2620 110 3881 1231 1980 531 0 0 
161900 4321 2494 188 3940 1289 1918 591 0 0 
162000 4055 2322 113 3315 956 1647 385 0 0 
162100 3633 2035 73 3026 921 1302 410 0 0 
162200 4442 2712 121 4097 1227 2194 590 0 0 
162300 3386 1932 42 3068 1068 1406 448 0 0 
162400 3874 2263 116 3346 863 1663 345 0 0 
162500 3404 2122 69 3326 1129 1560 451 0 0 
162600 4508 2757 176 4127 1310 2215 669 0 0 
162700 3514 2086 158 3092 1045 1490 407 0 0 
162800 3452 2130 118 3059 762 1424 298 0 0 
162900 3937 2528 135 3908 1283 2016 686 0 0 
163000 4601 2801 106 4249 1380 2215 688 0 0 
163100 3179 2003 92 2713 738 1364 317 0 0 
163200 3384 2403 175 3240 850 1754 431 0 0 
163300 3645 2252 48 3548 1178 1837 586 0 0 
163400 3834 2424 163 3513 1075 1982 611 0 0 
163500 3481 2143 136 3156 971 1346 335 0 0 
163600 2889 2178 88 3180 994 1701 456 0 0 
163700 4422 2600 109 3978 1321 1908 608 0 0 
163800 3334 1994 43 3090 991 1437 453 0 0 
163900 3353 2125 39 3143 873 1602 429 0 0 
164000 3760 2506 67 3889 1338 1879 604 0 0 
164100 3619 2426 83 3349 947 1882 512 0 0 
164200 3240 2121 68 3127 944 1479 420 0 0 
164300 3535 2496 74 3586 1109 1880 547 0 0 
164400 3326 2322 90 3333 1074 1620 477 0 0 
164500 3408 2364 165 3028 826 1567 392 0 0 
164600 3515 2581 130 3442 1021 1832 518 0 0 
164700 3228 2210 61 3428 1026 1792 478 0 0 
164800 3413 2283 171 3263 875 1852 428 0 0 
164900 3543 2113 130 3326 1025 1788 496 0 0 
165000 3719 2408 95 3685 1249 2022 609 0 0 
165100 3000 1926 132 2861 877 1262 300 0 0 
165200 3884 2457 110 3361 1003 1649 457 0 0 
165300 3763 2091 66 3474 1204 1586 601 0 0 
165400 3432 2194 82 3589 1226 1506 472 0 0 
165500 3017 1781 28 2807 1002 1262 446 0 0 
165600 4480 2643 31 4264 1589 1890 601 0 0 
165700 3387 2209 18 3620 1412 1697 623 0 0 
165800 3153 2060 21 3311 1252 1225 407 0 0 
165900 3264 2058 25 3242 1109 1288 420 0 0 
166000 3518 2297 51 3671 1204 1463 537 0 0 
166100 3545 2781 20 4029 1198 1777 531 0 0 
166200 3094 2172 15 3150 892 1229 271 0 0 
166300 3765 2672 15 4099 1431 1863 624 0 0 
166400 3769 2968 12 4400 1453 2273 697 0 0 
166500 2862 2326 9 3219 1079 1350 432 0 0 
166600 3844 2719 16 3759 1056 1804 470 0 0 
166700 3149 2381 10 3430 1187 1690 547 0 0 
166800 3596 3057 17 4091 1305 2208 648 0 0 
166900 2501 2138 13 2858 905 1424 347 0 0 
167000 3219 2610 59 3417 1046 2051 566 0 0 
167100 3610 2861 87 4143 1568 2090 812 0 0 
167200 2777 2239 57 3297 1180 1648 586 0 0 
167300 2244 1734 91 2444 818 1121 334 0 0 
167400 3391 2659 94 3919 1334 1889 642 0 0 
167500 3222 2547 87 3848 1390 1996 751 0 0 
167600 2612 2063 73 3175 1023 1370 444 0 0 
167700 2794 2291 112 3375 1187 1662 570 0 0 
167800 3818 3029 113 4506 1713 2150 812 0 0 
167900 2998 2532 86 3698 1242 1760 547 0 0 
168000 2406 2056 3 3013 987 1458 405 0 0 
168100 2917 2327 111 3311 1149 1503 500 0 0 
168200 3244 2589 16 3976 1378 2088 754 0 0 
168300 2704 2369 50 3255 1011 1466 430 0 0 
168400 2615 2167 44 3108 1009 1699 554 0 0 
168500 3392 2697 72 4067 1544 2275 868 0 0 
168600 2517 2230 27 3195 1083 1757 556 0 0 
168700 2410 2191 51 3165 1107 1417 498 0 0 
168800 2601 2124 102 2906 1024 1573 490 0 0 
168900 3313 2677 87 3830 1377 2081 777 0 0 
169000 2484 2139 164 2952 1024 1416 483 0 0 
169100 2229 2040 92 2873 896 1564 454 0 0 
169200 3525 2766 140 3956 1337 2249 724 0 0 
169300 2661 2184 117 3104 1022 1761 559 0 0 
169400 3318 2632 55 3789 1193 2183 660 0 0 
169500 2550 1950 35 2869 950 1667 551 0 0 
169600 3130 2504 71 3658 1215 2104 647 0 0 
169700 2340 2002 69 2633 846 1503 450 0 0 
169800 2731 2535 107 3512 1025 2030 604 0 0 
169900 3071 2449 125 3510 1180 2144 729 0 0 
170000 3580 2869 147 4136 1420 2369 748 0 0 
170100 2480 2104 78 2973 986 1732 544 0 0 
170200 2330 2163 92 2833 867 1460 404 0 0 
170300 2872 2305 69 3267 1105 1913 629 0 0 
170400 3290 2531 42 3430 1263 2063 659 0 0 
170500 2800 2230 66 3014 1010 1558 458 0 0 
170600 2682 2268 74 2872 1013 1633 506 0 0 
170700 2741 2321 124 3070 959 1662 428 0 0 
170800 3248 2516 66 3584 1285 2064 748 0 0 
170900 3319 2428 54 3177 1052 1810 558 0 0 
171000 2723 2277 79 2926 1041 1610 539 0 0 
171100 2804 2025 55 2957 1142 1441 531 0 0 
171200 2788 2251 66 3110 1036 1543 433 0 0 
171300 3510 2436 25 3617 1381 1940 691 0 0 
171400 3147 2425 62 3271 1108 1737 516 0 0 
171500 3075 2174 9 3282 1186 1592 589 0 0 
171600 2982 2277 44 3223 1071 1701 508 0 0 
171700 3156 1977 8 3103 1176 1570 620 0 0 
171800 3250 2304 76 3485 1273 1788 655 0 0 
171900 2942 1982 2 2990 1073 1502 597 0 0 
172000 2894 2169 49 3427 1252 1733 685 0 0 
172100 2781 1838 8 2892 1044 1506 563 0 0 
172200 2941 2184 77 3332 1256 1785 731 0 0 
172300 3379 2272 21 3446 1273 1857 674 0 0 
172400 3020 2025 30 3203 1206 1477 615 0 0 
172500 2957 2197 55 3390 1162 1717 598 0 0 
172600 2519 1966 90 3037 1118 1431 513 0 0 
172700 2994 2231 86 3243 1158 1756 629 0 0 
172800 3153 2235 124 3361 1134 1653 572 0 0 
172900 3502 2527 87 3804 1320 1832 563 0 0 
173000 2627 2064 120 2809 857 1508 432 0 0 
173100 2595 1953 77 2726 841 1118 285 0 0 
173200 3756 2621 93 3705 1308 2105 846 0 0 
173300 4128 2781 43 4212 1650 2053 854 0 0 
173400 2569 1780 58 2504 868 1238 411 0 0 
173500 2620 2178 91 3044 1016 1265 372 0 0 
173600 3460 2538 90 3517 1311 1835 613 0 0 
173700 3847 2585 90 3862 1612 1868 830 0 0 
173800 3373 2641 76 3690 1278 1840 573 0 0 
173900 2849 2150 67 3165 1172 1426 511 0 0 
174000 2877 2007 9 2872 1006 1229 371 0 0 
174100 3351 2428 97 3418 1273 1679 629 0 0 
174200 3429 2333 33 3302 1160 1575 528 0 0 
174300 3266 2380 52 3397 1216 1639 567 0 0 
174400 2737 2271 67 3086 1052 1379 383 0 0 
174500 2299 1983 74 2916 971 1268 432 0 0 
174600 3246 2360 64 3333 1149 1845 611 0 0 
174700 3245 2499 92 3452 1167 1851 665 0 0 
174800 3081 2517 108 3473 1165 1778 504 0 0 
174900 2696 1934 31 2817 1171 1460 537 0 0 
175000 2729 2057 31 2873 999 1404 521 0 0 
175100 3494 2150 19 3314 1342 1821 766 0 0 
175200 3928 2692 64 3746 1427 2180 862 0 0 
175300 3325 2093 41 3037 1123 1750 686 0 0 
175400 2835 1875 53 2642 958 1266 483 0 0 
175500 3387 2170 24 3276 1292 1809 754 0 0 
175600 4169 2440 2 3770 1599 2335 969 0 0 
175700 4000 2295 45 3512 1447 2064 854 0 0 
175800 2767 1622 33 2262 779 1139 410 0 0 
175900 3259 2111 90 3077 1149 1725 570 0 0 
176000 3481 2229 136 3150 1146 1722 734 0 0 
176100 3880 2353 120 3204 1209 1837 717 0 0 
176200 3174 2157 125 3029 1075 1621 537 0 0 
176300 3679 2516 168 3595 1195 2068 671 0 0 
176400 3083 2084 146 2818 998 1548 508 0 0 
176500 3391 2168 132 2843 909 1661 566 0 0 
176600 4217 2617 151 3460 1303 1921 755 0 0 
176700 3945 2431 168 3387 1250 1775 712 0 0 
176800 2953 2010 102 2274 678 1065 335 0 0 
176900 3367 2102 115 2743 908 1324 431 0 0 
177000 4087 2545 123 3454 1283 2043 905 0 0 
177100 4214 2533 126 3432 1240 1910 703 0 0 
177200 3027 1952 91 2512 868 1184 433 0 0 
177300 3361 2291 159 3119 1176 1501 630 0 0 
177400 3244 2240 80 2903 1064 1502 602 0 0 
177500 3752 2350 64 3050 1136 1650 733 0 0 
177600 3985 2614 98 3430 1344 1831 808 0 0 
177700 3158 2252 59 3162 1109 1499 552 0 0 
177800 2767 2030 51 2759 914 1278 400 0 0 
177900 3125 2037 86 2694 947 1406 519 0 0 
178000 4373 2875 85 4151 1639 2272 968 0 0 
178100 3392 2178 4 3080 1180 1746 710 0 0 
178200 3233 2037 112 2540 827 1138 386 0 0 
178300 2959 2006 38 2751 944 1328 529 0 0 
178400 3746 2237 123 3000 1049 1529 580 0 0 
178500 4751 2769 236 3660 1314 1981 786 0 0 
178600 3684 2248 107 2864 964 1469 514 0 0 
178700 3560 2220 206 3031 1050 1302 434 0 0 
178800 3229 2103 261 2368 741 1210 384 0 0 
178900 3618 2213 94 2910 998 1338 516 0 0 
179000 4297 2511 319 2937 863 1663 504 0 0 
179100 4062 2338 316 2867 924 1687 519 0 0 
179200 3627 2185 132 2607 768 1423 400 0 0 
179300 3445 2052 251 2470 719 1348 324 0 0 
179400 3828 2329 264 2564 802 1629 478 0 0 
179500 4197 2331 260 2643 851 1842 613 0 0 
179600 4283 2593 388 2963 1004 1848 595 0 0 
179700 3263 2063 218 2445 789 1331 436 0 0 
179800 3303 1879 369 2028 446 1215 216 0 0 
179900 4471 2534 466 2786 867 1798 570 0 0 
180000 4497 2515 183 3137 1157 2073 812 0 0 
180100 4195 2419 464 2674 835 1684 546 0 0 
180200 3195 1704 348 1800 600 954 257 0 0 
180300 3320 1886 241 1998 530 1169 262 0 0 
180400 4027 2197 258 2640 1014 1628 686 0 0 
180500 5156 2771 256 3465 1284 2122 874 0 0 
180600 3813 2005 198 2340 860 1287 512 0 0 
180700 3094 1782 127 1997 558 1009 263 0 0 
180800 3727 2024 197 2414 812 1365 460 0 0 
180900 4522 2248 184 3010 1202 1788 732 0 0 
181000 3994 2121 149 2688 1031 1776 749 0 0 
181100 3401 1864 94 2046 811 1130 468 0 0 
181200 3545 1875 96 2346 888 1293 473 0 0 
181300 3972 2230 100 3072 1269 1917 844 0 0 
181400 3660 1955 102 2629 1034 1620 643 0 0 
181500 3561 1890 69 2315 872 1504 579 0 0 
181600 4094 2066 133 2785 1154 1674 714 0 0 
181700 3388 1934 136 2806 1072 1507 586 0 0 
181800 3442 1872 108 2536 1063 1456 629 0 0 
181900 3634 1922 142 2568 947 1505 508 0 0 
182000 4742 2405 170 3374 1367 2121 855 0 0 
182100 3684 1916 97 2680 1057 1671 665 0 0 
182200 3644 2196 151 3181 1216 1720 612 0 0 
182300 3126 1765 181 2656 963 1594 566 0 0 
182400 3648 1811 100 2730 918 1721 551 0 0 
182500 3067 1733 50 2459 898 1581 584 0 0 
182600 3998 2418 174 3349 1129 2258 770 0 0 
182700 3002 1701 118 2650 960 1707 652 0 0 
182800 3491 1848 76 2629 916 1588 563 0 0 
182900 3037 1822 196 2376 668 1611 429 0 0 
183000 4241 2289 225 3530 1131 2344 754 0 0 
183100 3511 1760 88 2939 1105 1826 677 0 0 
183200 3469 1845 208 2531 820 1479 418 0 0 
183300 3291 1774 185 2543 802 1495 432 0 0 
183400 3430 1734 99 2692 969 1738 608 0 0 
183500 4190 2053 141 3209 1153 2000 751 0 0 
183600 3417 1760 190 2609 943 1588 583 0 0 
183700 3370 1676 99 2481 795 1350 395 0 0 
183800 3498 1670 66 2669 1071 1750 747 0 0 
183900 3937 2177 89 3359 1139 1974 707 0 0 
184000 3823 2017 150 2922 1011 1806 620 0 0 
184100 3628 1776 101 2672 923 1585 543 0 0 
184200 3570 1915 105 2940 1071 1533 590 0 0 
184300 3919 1984 163 3147 1229 1850 704 0 0 
184400 3350 1777 58 2886 1126 1534 633 0 0 
184500 3670 1765 116 2913 1078 1743 707 0 0 
184600 4033 2003 145 3054 1170 1696 648 0 0 
184700 3346 1651 75 2792 1061 1737 660 0 0 
184800 3920 2095 159 3383 1364 1892 747 0 0 
184900 3667 1990 202 2983 1056 1769 604 0 0 
185000 3070 1527 104 2336 794 1299 474 0 0 
185100 3473 1945 170 3151 1213 1742 667 0 0 
185200 3791 2308 221 3398 1233 2025 727 0 0 
185300 3819 2016 157 3150 1160 1714 628 0 0 
185400 2947 1521 146 2365 737 1238 389 0 0 
185500 3319 2030 155 2977 1125 1365 462 0 0 
185600 3728 2160 133 3475 1331 1964 744 0 0 
185700 3831 2172 202 3293 1256 1710 682 0 0 
185800 3307 1798 187 2690 1011 1471 558 0 0 
185900 3582 2532 234 3529 1236 1866 614 0 0 
186000 3487 2031 261 2842 949 1620 533 0 0 
186100 3712 2167 351 2842 931 1495 530 0 0 
186200 3804 2172 207 3004 1109 1663 617 0 0 
186300 3408 2109 176 3028 1154 1850 746 0 0 
186400 3534 1911 266 2891 1047 1547 517 0 0 
186500 2789 1747 193 2377 675 1325 346 0 0 
186600 3012 1843 143 2620 981 1573 607 0 0 
186700 5311 2932 225 4453 1635 2960 1143 0 0 
186800 3722 2240 235 3052 1135 1893 727 0 0 
186900 2795 1775 185 2558 915 1456 567 0 0 
187000 3047 1944 282 2654 879 1526 488 0 0 
187100 3347 2043 156 2980 1101 1830 729 0 0 
187200 4096 2446 166 3344 1245 2262 884 0 0 
187300 3874 2392 205 3280 1219 2095 806 0 0 
187400 3478 2206 146 3067 1077 1767 617 0 0 
187500 3012 2117 188 2519 734 1555 419 0 0 
187600 3603 2256 261 3004 1171 1821 723 0 0 
187700 4397 2556 64 3582 1402 2142 859 0 0 
187800 3562 2131 193 2858 1117 1843 744 0 0 
187900 2945 1957 113 2855 1096 1632 650 0 0 
188000 3234 2213 176 2911 1159 1536 655 0 0 
188100 3290 2224 171 2822 1046 1641 670 0 0 
188200 3650 2310 181 2778 1021 1758 684 0 0 
188300 3922 2445 169 3372 1323 1940 789 0 0 
188400 3012 2004 142 2683 879 1457 519 0 0 
188500 3090 1952 109 2451 826 1144 391 0 0 
188600 3632 2413 100 3443 1308 1852 679 0 0 
188700 3748 2344 123 3231 1212 1760 693 0 0 
188800 3203 2093 164 2895 947 1594 532 0 0 
188900 3166 2022 92 2804 972 1535 531 0 0 
189000 2998 1763 102 2398 930 1157 513 0 0 
189100 3757 2145 89 3025 1007 1765 628 0 0 
189200 3675 2218 90 2892 1041 1761 662 0 0 
189300 4035 2329 150 3212 1156 2030 724 0 0 
189400 3266 2093 93 2676 1000 1540 544 0 0 
189500 3112 1863 76 2294 810 1319 392 0 0 
189600 4060 2375 95 3374 1347 1992 833 0 0 
189700 4103 2295 71 3167 1285 1916 808 0 0 
189800 3806 2153 33 3199 1204 1746 680 0 0 
189900 3190 1963 29 2748 1102 1325 632 0 0 
190000 3110 2000 11 2892 1116 1613 672 0 0 
190100 3525 2189 61 3191 1176 1856 752 0 0 
190200 3560 2195 39 2942 1049 1781 745 0 0 
190300 3677 2126 62 3044 1184 1900 823 0 0 
190400 3027 1947 58 2505 946 1510 603 0 0 
190500 3175 2233 44 3094 1135 1922 762 0 0 
190600 2993 2154 16 3092 1079 2026 763 0 0 
190700 3352 2140 28 2820 999 1950 702 0 0 
190800 2822 1853 65 2597 1010 1789 702 0 0 
190900 2415 1768 23 2528 1009 1594 645 0 0 
191000 3597 2254 49 3218 1242 2212 903 0 0 
191100 3282 1996 59 2773 1100 1934 765 0 0 
191200 3334 2172 120 2780 964 1791 606 0 0 
191300 3042 2177 136 2861 1087 1754 729 0 0 
191400 2893 1998 83 2342 835 1423 474 0 0 
191500 3360 2154 150 2542 942 1517 598 0 0 
191600 3325 2356 88 2820 1047 1713 604 0 0 
191700 2944 2121 129 2499 800 1327 450 0 0 
191800 3327 2266 145 2899 1020 1480 495 0 0 
191900 2717 1857 104 2324 742 1327 459 0 0 
192000 4145 2514 125 3563 1311 1986 807 0 0 
192100 2981 1890 121 2526 822 1436 487 0 0 
192200 2641 1760 49 2380 730 1189 379 0 0 
192300 2939 2018 99 2910 973 1573 556 0 0 
192400 3390 2239 122 2984 1091 1587 654 0 0 
192500 3622 2090 47 2951 1175 1847 834 0 0 
192600 3074 1998 68 2770 1033 1823 737 0 0 
192700 3343 2164 103 3082 1181 1734 710 0 0 
192800 2773 1959 38 2706 949 1653 578 0 0 
192900 3746 2195 85 2778 1041 1744 733 0 0 
193000 4128 2545 153 3312 1322 2374 1005 0 0 
193100 3922 2293 35 3219 1294 2077 868 0 0 
193200 2836 1722 55 2305 888 1490 629 0 0 
193300 2337 1530 85 1906 665 1027 356 0 0 
193400 3705 2179 70 2996 1313 1917 896 0 0 
193500 4157 2498 97 3588 1473 2390 1005 0 0 
193600 3618 2007 115 2633 1060 1717 704 0 0 
193700 2781 1634 117 1940 805 1165 505 0 0 
193800 2685 1715 183 2126 777 1252 406 0 0 
193900 4416 2664 126 3361 1434 2245 952 0 0 
194000 4154 2415 125 3214 1168 2228 831 0 0 
194100 3578 2095 210 2658 1005 1464 593 0 0 
194200 3569 2193 113 2935 1179 1873 694 0 0 
194300 3275 2154 112 2929 992 1801 628 0 0 
194400 3094 1810 27 2250 893 1396 606 0 0 
194500 3687 2260 118 2753 944 1951 669 0 0 
194600 3366 2305 105 2888 1067 1748 731 0 0 
194700 3694 2400 144 2814 993 1774 644 0 0 
194800 2842 1836 97 2138 756 1280 479 0 0 
194900 3298 2126 202 2404 801 1466 504 0 0 
195000 3544 2257 179 2930 1099 1673 651 0 0 
195100 3483 2172 127 2659 1005 1634 620 0 0 
195200 3707 2372 201 3037 1068 1815 611 0 0 
195300 3138 2205 223 2737 873 1577 561 0 0 
195400 3493 2324 221 2923 890 1753 572 0 0 
195500 3427 2118 164 2634 913 1604 579 0 0 
195600 3427 2255 223 2939 869 1769 583 0 0 
195700 3089 1993 201 2519 875 1553 540 0 0 
195800 3767 2310 243 3036 1012 1867 646 0 0 
195900 3612 2197 181 2901 967 1926 665 0 0 
196000 3543 2321 136 2961 1030 1872 665 0 0 
196100 3379 2047 170 2630 872 1664 590 0 0 
196200 3339 2316 179 2668 718 1577 432 0 0 
196300 3472 2356 196 2932 919 1735 570 0 0 
196400 3717 2424 100 2972 1003 1941 685 0 0 
196500 3804 2631 211 3184 1002 1886 631 0 0 
196600 2662 1800 189 2272 619 1433 379 0 0 
196700 3129 2096 105 2595 774 1600 483 0 0 
196800 3582 2263 260 2892 1024 1799 662 0 0 
196900 3666 2180 145 2857 901 1887 650 0 0 
197000 3071 2037 100 2666 841 1634 501 0 0 
197100 2665 1760 157 2324 784 1421 509 0 0 
197200 3734 2353 159 2958 890 1865 526 0 0 
197300 3077 1968 175 2687 861 1715 580 0 0 
197400 3654 2428 213 3185 974 1935 584 0 0 
197500 3720 2529 328 3287 1056 1972 648 0 0 
197600 3258 2065 181 2791 915 1671 548 0 0 
197700 3048 2208 234 2727 779 1633 454 0 0 
197800 3574 2269 399 3101 927 1791 571 0 0 
197900 3508 2134 191 3006 953 1718 519 0 0 
198000 3115 2226 272 2999 937 1725 546 0 0 
198100 2873 2171 294 2737 704 1540 447 0 0 
198200 3977 2724 327 3467 1100 1906 636 0 0 
198300 2494 1824 107 2414 762 1510 487 0 0 
198400 3602 2594 293 3278 952 1972 602 0 0 
198500 3136 2244 199 3042 894 1832 562 0 0 
198600 2496 1716 143 2294 705 1397 403 0 0 
198700 2618 2010 146 2360 591 1456 361 0 0 
198800 3518 2334 206 3082 995 1890 674 0 0 
198900 3430 2424 194 3355 1093 2043 706 0 0 
199000 2973 2126 111 2757 807 1623 487 0 0 
199100 3053 2054 168 2751 816 1500 471 0 0 
199200 3344 2349 158 3243 1097 1860 672 0 0 
199300 3036 2362 72 3137 1106 1864 699 0 0 
199400 3054 2350 154 3094 977 1659 593 0 0 
199500 3013 2168 150 2962 934 1453 463 0 0 
199600 2703 1956 68 2804 989 1367 524 0 0 
199700 3454 2423 191 3265 1227 1784 694 0 0 
199800 3542 2363 136 3539 1263 1724 659 0 0 
199900 2979 2150 103 2996 1175 1456 573 0 0 
200000 2695 1907 121 2715 978 1373 527 0 0 
200100 3369 2442 127 3975 1535 2146 820 0 0 
200200 3193 2320 149 3500 1372 2045 795 0 0 
200300 2824 2069 153 3136 1239 1877 794 0 0 
200400 3616 2460 112 3775 1520 2029 755 0 0 
200500 3380 2418 208 3957 1683 2207 957 0 0 
200600 3655 2750 262 3510 1458 2362 1023 0 0 
200700 3826 2644 171 4271 1815 2733 1170 0 0 
200800 3923 2497 245 4185 1740 2555 1140 0 0 
200900 2823 2083 259 3065 1270 1852 714 0 0 
201000 3415 2226 256 3705 1553 2510 1111 0 0 
