# Avida time data
# Sat Feb 18 01:08:21 2017
#  1: update
#  2: avida time
#  3: average generation
#  4: num_executed?

0 0 0 12000 
100 1.03093 7.0386 300000 
200 2.06186 15.0062 300000 
300 3.09278 22.8809 300000 
400 4.12371 30.6218 300000 
500 5.15464 38.2918 300000 
600 6.18557 46.0846 300000 
700 7.21774 3.35956 86970 
800 8.25114 10.4396 276300 
900 9.28352 18.2141 276000 
1000 10.3147 25.9798 276000 
1100 11.3443 33.7198 276000 
1200 12.3714 41.4676 276000 
1300 13.3968 47.5611 206640 
1400 14.4303 6.63434 233340 
1500 15.4647 14.0297 267870 
1600 16.4988 21.8339 267750 
1700 17.5328 29.6027 267750 
1800 18.5668 37.382 267750 
1900 19.6008 45.12 266430 
2000 20.6348 28.7546 102720 
2100 21.6706 11.3561 262320 
2200 22.7039 19.0247 266280 
2300 23.7338 26.7482 266250 
2400 24.7566 34.4295 266250 
2500 25.7758 42.0647 263310 
2600 26.7908 48.6551 229440 
2700 27.7921 11.8404 164160 
2800 28.8115 14.8714 258540 
2900 29.8378 22.5194 259290 
3000 30.8587 30.136 259500 
3100 31.8681 37.6069 258240 
3200 32.8668 44.6258 258240 
3300 33.8608 40.6094 122730 
3400 34.869 9.77399 243210 
3500 35.8959 16.8497 260850 
3600 36.9207 24.5427 260850 
3700 37.9436 32.0631 260250 
3800 38.9647 39.3387 260790 
3900 39.985 45.9515 246120 
4000 40.9934 16.7078 141060 
4100 42.0131 13.8823 259530 
4200 43.0427 21.5255 261630 
4300 44.0723 29.0312 260190 
4400 45.101 36.3948 259170 
4500 46.1265 43.0871 259710 
4600 47.1514 45.0337 167580 
4700 48.1684 13.44 213780 
4800 49.1863 18.9811 262560 
4900 50.2037 26.1233 261360 
5000 51.2175 33.4021 257130 
5100 52.2315 40.1597 258360 
5200 53.2445 46.7923 255240 
5300 54.2696 27.1537 155250 
5400 55.3066 15.656 252420 
5500 56.3426 22.6899 261690 
5600 57.378 30.2753 260670 
5700 58.4116 37.8537 258870 
5800 59.4396 44.5655 259530 
5900 60.4631 47.1034 182190 
6000 61.4857 15.8194 196740 
6100 62.5177 18.7088 258330 
6200 63.5555 26.4507 259470 
6300 64.5913 34.2483 259410 
6400 65.6271 41.0668 259290 
6500 66.6612 46.557 242880 
6600 67.6931 28.0086 155490 
6700 68.733 13.7274 228480 
6800 69.777 20.7429 247500 
6900 70.8206 28.5974 247470 
7000 71.864 35.8313 243990 
7100 72.9073 42.8761 237060 
7200 73.9503 42.5453 183690 
7300 74.9949 13.477 175290 
7400 76.0402 15.5314 247080 
7500 77.0818 23.3143 247440 
7600 78.12 30.0831 244770 
7700 79.155 36.5693 238110 
7800 80.1921 41.0606 229170 
7900 81.228 30.4594 155100 
8000 82.2752 13.4471 222120 
8100 83.3195 20.0053 245280 
8200 84.3621 27.2913 241980 
8300 85.4049 33.0293 244680 
8400 86.4485 39.2356 244860 
8500 87.4936 43.002 211440 
8600 88.5421 20.3288 172650 
8700 89.5921 18.4995 244680 
8800 90.6405 24.9771 240810 
8900 91.6884 29.9357 240030 
9000 92.7354 36.4983 247170 
9100 93.7798 43.0419 235020 
9200 94.8208 37.0534 156810 
9300 95.8731 16.3072 212340 
9400 96.9229 20.6678 247680 
9500 97.9689 25.8625 248520 
9600 99.013 32.9453 253860 
9700 100.053 39.5208 249660 
9800 101.085 43.0217 214080 
9900 102.106 22.5054 176010 
10000 103.139 16.8476 235860 
10100 104.172 22.1367 254190 
10200 105.203 29.0516 254010 
10300 106.229 35.5347 256440 
10400 107.251 41.4339 241710 
10500 108.268 37.5637 182940 
10600 109.278 18.3627 212460 
10700 110.296 18.3536 247890 
10800 111.315 24.912 261240 
10900 112.333 31.3144 258720 
11000 113.348 38.295 251100 
11100 114.367 40.9519 222390 
11200 115.387 24.0594 177030 
11300 116.407 15.7019 221730 
11400 117.434 20.6385 242910 
11500 118.462 26.9123 251790 
11600 119.485 34.1494 246720 
11700 120.502 39.6021 224850 
11800 121.516 34.8351 187860 
11900 122.548 18.0099 186300 
12000 123.595 17.6262 231960 
12100 124.647 24.5236 240060 
12200 125.69 30.3946 237810 
12300 126.731 36.3399 226050 
12400 127.779 38.3623 216960 
12500 128.82 27.044 174300 
12600 129.863 14.5807 220410 
12700 130.912 19.5641 247590 
12800 131.953 26.2073 248850 
12900 132.988 30.2906 242550 
13000 134.027 35.2843 240810 
13100 135.069 32.8617 208320 
13200 136.113 18.2596 194670 
13300 137.161 16.213 241260 
13400 138.207 21.5347 245940 
13500 139.243 26.9457 253980 
13600 140.278 32.9153 242610 
13700 141.318 34.1146 222390 
13800 142.351 26.0816 198480 
13900 143.383 17.865 205650 
14000 144.427 17.3153 245730 
14100 145.464 23.823 245100 
14200 146.5 29.8126 251820 
14300 147.545 32.8022 216330 
14400 148.581 31.1563 221940 
14500 149.616 19.8768 199080 
14600 150.659 16.3493 224940 
14700 151.7 20.1244 253770 
14800 152.735 26.4197 239550 
14900 153.776 30.069 235260 
15000 154.818 33.0916 211560 
15100 155.852 24.4364 196230 
15200 156.894 17.3123 211650 
15300 157.944 19.7034 234210 
15400 158.986 24.2169 236100 
15500 160.026 29.425 227640 
15600 161.077 32.5568 225720 
15700 162.112 31.0956 184950 
15800 163.151 22.2353 217620 
15900 164.195 19.7107 231390 
16000 165.23 23.8732 244320 
16100 166.265 25.7726 222630 
16200 167.311 27.4241 225900 
16300 168.346 27.6142 249630 
16400 169.377 26.8509 200970 
16500 170.416 18.7365 210720 
16600 171.456 20.1616 238830 
16700 172.486 24.5095 246540 
16800 173.523 23.6213 205440 
16900 174.558 24.0664 241440 
17000 175.581 27.2074 232410 
17100 176.602 24.6279 192720 
17200 177.637 16.0639 210720 
17300 178.661 17.5124 225540 
17400 179.692 20.9325 229140 
17500 180.729 21.3757 199890 
17600 181.756 23.1999 224400 
17700 182.782 24.1085 206820 
17800 183.81 20.7812 184470 
17900 184.841 14.9542 200640 
18000 185.874 16.1872 233190 
18100 186.909 20.9766 235140 
18200 187.933 23.1431 196020 
18300 188.944 21.6669 217230 
18400 189.962 19.0193 219750 
18500 190.985 16.6708 196860 
18600 191.997 16.0505 211770 
18700 193.024 17.7912 234270 
18800 194.06 22.8923 231480 
18900 195.09 25.0245 188580 
19000 196.115 16.2714 186690 
19100 197.15 15.3538 232950 
19200 198.193 18.8794 234540 
19300 199.227 19.0177 163230 
19400 200.262 17.5667 235980 
19500 201.297 22.2884 239100 
19600 202.324 23.4101 177600 
19700 203.35 14.1113 194490 
19800 204.392 16.0753 215460 
19900 205.41 20.9246 221880 
20000 206.421 19.9727 173910 
20100 207.453 18.1117 219330 
20200 208.464 19.5539 220290 
20300 209.471 19.84 192390 
20400 210.51 15.0772 195810 
20500 211.527 16.1357 233850 
20600 212.54 19.5498 212580 
20700 213.56 19.2302 175350 
20800 214.572 14.5505 212040 
20900 215.591 17.9273 203940 
21000 216.627 17.9152 202140 
21100 217.638 14.6524 174690 
21200 218.655 16.1362 221880 
21300 219.686 17.6875 226680 
21400 220.702 18.0217 180540 
21500 221.712 14.3002 203610 
21600 222.748 15.9628 221040 
21700 223.77 18.8865 207000 
21800 224.766 16.2828 175950 
21900 225.783 14.3506 225540 
22000 226.791 16.6989 232770 
22100 227.777 17.1464 200670 
22200 228.775 13.3681 205290 
22300 229.78 16.3275 221820 
22400 230.775 18.1774 195930 
22500 231.785 13.9324 172950 
22600 232.811 14.0978 218730 
22700 233.824 16.342 209460 
22800 234.834 16.3873 177000 
22900 235.859 13.1794 223680 
23000 236.876 16.1034 211560 
23100 237.886 15.6693 208950 
23200 238.916 14.4777 202410 
23300 239.931 15.154 213570 
23400 240.955 15.4287 197100 
23500 241.99 15.343 213120 
23600 243.008 13.2603 211590 
23700 244.033 14.4377 186150 
23800 245.073 13.52 224790 
23900 246.091 15.3796 184770 
24000 247.101 12.8005 207180 
24100 248.131 12.9842 215910 
24200 249.133 14.6988 209760 
24300 250.142 14.6586 198990 
24400 251.172 13.7899 175020 
24500 252.189 14.4174 231450 
24600 253.213 17.0495 176700 
24700 254.253 12.694 193410 
24800 255.275 13.5644 201960 
24900 256.289 14.7231 212970 
25000 257.321 15.7866 170220 
25100 258.335 11.874 190710 
25200 259.348 15.0821 233850 
25300 260.373 15.2557 151470 
25400 261.399 12.5448 213360 
25500 262.421 15.2996 176220 
25600 263.448 14.9112 218760 
25700 264.48 14.6578 149820 
25800 265.496 11.5505 210780 
25900 266.52 15.2641 214680 
26000 267.546 13.3801 163380 
26100 268.571 12.6617 217230 
26200 269.596 13.8939 156300 
26300 270.631 12.6713 221550 
26400 271.664 14.2843 161490 
26500 272.695 11.8966 213000 
26600 273.729 15.2524 182490 
26700 274.763 12.0414 194040 
26800 275.803 14.2105 199980 
26900 276.835 11.9233 165420 
27000 277.867 12.1256 221130 
27100 278.902 14.1564 152130 
27200 279.944 11.6735 213780 
27300 280.985 13.6846 164040 
27400 282.024 12.468 209760 
27500 283.064 12.8558 165660 
27600 284.101 10.9876 189780 
27700 285.141 12.9938 201840 
27800 286.181 10.9673 163560 
27900 287.221 11.1857 195120 
28000 288.259 11.7602 173970 
28100 289.296 11.9825 206850 
28200 290.327 12.0994 157200 
28300 291.359 10.8038 204270 
28400 292.398 12.1266 165690 
28500 293.432 11.0286 208320 
28600 294.468 12.8202 196650 
28700 295.51 11.8765 169440 
28800 296.55 11.4225 208830 
28900 297.589 12.7227 182820 
29000 298.631 11.3242 193500 
29100 299.672 12.0844 157710 
29200 300.714 11.9194 178140 
29300 301.754 13.4498 180810 
29400 302.797 11.4357 169590 
29500 303.837 12.8274 205470 
29600 304.878 12.8635 181500 
29700 305.92 11.6653 211890 
29800 306.96 12.5617 170430 
29900 308 11.5965 192150 
30000 309.038 11.9465 159060 
30100 310.076 10.6568 182430 
30200 311.113 11.761 185100 
30300 312.147 10.6165 176760 
30400 313.178 12.0806 205320 
30500 314.209 11.6535 194970 
30600 315.241 11.8511 216570 
30700 316.27 12.0394 167700 
30800 317.297 10.3645 205200 
30900 318.325 12.0528 167160 
31000 319.358 10.9398 186030 
31100 320.391 11.7182 154770 
31200 321.428 10.3869 172500 
31300 322.459 10.9098 184770 
31400 323.495 10.2623 180630 
31500 324.523 11.1709 208530 
31600 325.552 11.2865 188970 
31700 326.58 9.93433 205170 
31800 327.61 11.0681 158160 
31900 328.644 11.6519 180300 
32000 329.674 12.1081 168990 
32100 330.702 10.5394 171780 
32200 331.731 10.99 174060 
32300 332.757 11.6307 200430 
32400 333.782 11.2138 178140 
32500 334.812 10.3177 199770 
32600 335.837 11.28 201330 
32700 336.866 11.0541 170820 
32800 337.895 11.6172 189810 
32900 338.925 11.305 178770 
33000 339.954 10.8185 195780 
33100 340.977 10.4779 163080 
33200 342.005 10.0328 190350 
33300 343.031 11.8995 176040 
33400 344.061 10.6443 187530 
33500 345.091 11.849 167910 
33600 346.12 11.51 192780 
33700 347.148 11.3527 192330 
33800 348.164 10.4424 173820 
33900 349.188 11.5918 189690 
34000 350.214 11.7287 164430 
34100 351.243 10.4388 178470 
34200 352.271 11.4801 179130 
34300 353.302 11.5623 177210 
34400 354.332 11.1348 181950 
34500 355.359 12.0374 175110 
34600 356.386 12.2572 174570 
34700 357.415 11.6436 180210 
34800 358.441 11.7518 176880 
34900 359.466 12.0814 186270 
35000 360.493 12.5577 177450 
35100 361.519 11.7087 177840 
35200 362.546 11.71 172560 
35300 363.57 11.6285 187500 
35400 364.595 11.8884 176790 
35500 365.615 12.0652 190260 
35600 366.641 12.3318 172860 
35700 367.666 12.0069 198540 
35800 368.68 12.9881 184050 
35900 369.71 11.1007 181680 
36000 370.735 12.659 218730 
36100 371.764 12.705 174720 
36200 372.789 12.1307 207330 
36300 373.81 12.5921 152730 
36400 374.838 12.1369 223320 
36500 375.852 13.6345 148290 
36600 376.874 10.2167 196290 
36700 377.896 13.508 193350 
36800 378.914 12.2802 189690 
36900 379.939 11.825 186120 
37000 380.954 11.8709 173340 
37100 381.978 12.778 207000 
37200 382.993 12.0464 165990 
37300 384.013 10.979 189540 
37400 385.036 13.2541 196410 
37500 386.058 12.3986 175560 
37600 387.079 12.3863 201750 
37700 388.072 12.3012 208620 
37800 389.088 11.7052 187860 
37900 390.103 11.4966 190350 
38000 391.113 11.7549 187140 
38100 392.141 12.4439 192480 
38200 393.16 11.9585 197790 
38300 394.178 11.1112 199200 
38400 395.199 12.2018 200100 
38500 396.228 11.9757 180690 
38600 397.262 10.9495 209010 
38700 398.281 12.4299 191040 
38800 399.31 11.9494 173670 
38900 400.326 11.455 207510 
39000 401.348 11.1766 187530 
39100 402.371 11.7764 218490 
39200 403.385 11.1348 165120 
39300 404.4 10.7306 204390 
39400 405.398 11.9219 182760 
39500 406.412 10.5624 181710 
39600 407.435 11.9679 200490 
39700 408.453 11.6733 189720 
39800 409.469 11.1314 193080 
39900 410.469 11.4881 183210 
40000 411.48 11.3355 184440 
40100 412.491 11.5531 184800 
40200 413.524 11.2991 199170 
40300 414.548 11.1569 190590 
40400 415.566 11.3427 191340 
40500 416.596 11.2611 168390 
40600 417.621 11.7223 171090 
40700 418.652 12.2086 190800 
40800 419.682 11.7136 187830 
40900 420.719 11.8227 185970 
41000 421.76 11.3015 185490 
41100 422.796 11.8092 176640 
41200 423.836 11.1806 187830 
41300 424.87 11.2745 176220 
41400 425.904 11.7161 200640 
41500 426.931 12.1528 188610 
41600 427.965 10.5824 205620 
41700 428.995 11.9532 200460 
41800 430.019 11.3925 193560 
41900 431.053 11.6874 204330 
42000 432.072 11.6647 176940 
42100 433.093 12.533 202650 
42200 434.108 11.2062 195480 
42300 435.122 11.3547 201750 
42400 436.148 11.6988 187320 
42500 437.165 11.6789 175770 
42600 438.177 11.3326 181110 
42700 439.192 12.2531 178110 
42800 440.205 11.4962 170430 
42900 441.23 12.4441 187740 
43000 442.248 10.9218 156480 
43100 443.273 11.8294 200670 
43200 444.294 12.2821 178110 
43300 445.308 11.6693 196650 
43400 446.328 11.5164 170070 
43500 447.347 11.5775 190140 
43600 448.36 12.2594 170100 
43700 449.386 10.9994 195900 
43800 450.408 11.6117 194160 
43900 451.427 10.8123 193890 
44000 452.447 11.1552 185490 
44100 453.468 10.1757 199740 
44200 454.489 11.1568 182070 
44300 455.507 9.46439 187530 
44400 456.528 11.8561 197580 
44500 457.542 10.8438 177450 
44600 458.572 10.7351 201720 
44700 459.588 11.741 177270 
44800 460.615 10.7748 196800 
44900 461.645 10.944 175500 
45000 462.665 11.5953 169320 
45100 463.703 10.9811 174660 
45200 464.732 12.5044 200610 
45300 465.773 11.4903 171540 
45400 466.812 11.7993 210210 
45500 467.853 11.8357 179400 
45600 468.888 11.3844 190710 
45700 469.92 12.1283 171090 
45800 470.954 11.7547 179340 
45900 471.987 12.3016 168600 
46000 473.026 12.9725 194280 
46100 474.053 11.3097 173220 
46200 475.082 11.2254 206880 
46300 476.108 12.4337 187770 
46400 477.128 10.6233 182040 
46500 478.161 11.915 188370 
46600 479.178 10.2718 168120 
46700 480.208 11.1346 178680 
46800 481.224 10.9323 164790 
46900 482.25 11.5971 185970 
47000 483.265 11.5285 183870 
47100 484.298 11.8525 196440 
47200 485.326 11.432 174690 
47300 486.347 11.6381 187620 
47400 487.379 11.9124 184890 
47500 488.39 11.3299 197670 
47600 489.406 10.2618 160020 
47700 490.419 11.1976 203760 
47800 491.446 11.2988 162030 
47900 492.468 10.1793 195030 
48000 493.483 11.3943 175050 
48100 494.519 11.0458 178890 
48200 495.538 10.853 165840 
48300 496.574 11.3096 181290 
48400 497.589 12.0173 167550 
48500 498.601 9.75477 156060 
48600 499.618 10.4394 189510 
48700 500.618 10.8362 158790 
48800 501.633 10.5126 186330 
48900 502.631 10.8928 147990 
49000 503.656 10.4422 200880 
49100 504.662 11.4279 187860 
49200 505.67 9.54314 188190 
49300 506.699 11.0557 186780 
49400 507.722 10.4512 181530 
49500 508.747 12.1502 209790 
49600 509.758 11.5133 139980 
49700 510.796 11.254 203760 
49800 511.808 12.2609 159000 
49900 512.822 10.6393 201120 
50000 513.846 12.4796 190170 
50100 514.852 11.1647 177870 
50200 515.863 12.2115 174480 
50300 516.869 10.9411 180480 
50400 517.884 12.4749 191640 
50500 518.888 12.6286 171360 
50600 519.882 10.8698 184380 
50700 520.886 11.8104 184170 
50800 521.9 11.7497 179790 
50900 522.915 11.599 167820 
51000 523.935 10.0015 157440 
51100 524.957 11.0137 192510 
51200 525.973 10.9593 165450 
51300 526.987 10.3811 190620 
51400 528.006 10.8426 172590 
51500 529.023 10.8415 182430 
51600 530.054 11.26 175020 
51700 531.066 10.4936 172560 
51800 532.101 11.4424 178620 
51900 533.115 11.9306 176280 
52000 534.138 10.6989 162510 
52100 535.163 10.7511 186240 
52200 536.167 10.9842 173790 
52300 537.198 11.0512 198840 
52400 538.219 12.7995 185460 
52500 539.239 11.5367 189480 
52600 540.269 12.6543 197760 
52700 541.278 10.8254 173040 
52800 542.316 12.4006 191580 
52900 543.34 10.555 155940 
53000 544.358 10.6808 201660 
53100 545.379 12.1428 155760 
53200 546.39 11.2441 198780 
53300 547.417 12.0522 164370 
53400 548.444 10.9338 200700 
53500 549.464 12.2592 181740 
53600 550.496 10.3725 186930 
53700 551.529 11.6679 188430 
53800 552.554 9.84337 173070 
53900 553.589 11.5687 206760 
54000 554.617 11.7603 170010 
54100 555.659 11.0805 199800 
54200 556.691 12.1208 165000 
54300 557.731 11.295 191220 
54400 558.768 12.4803 182490 
54500 559.796 10.1204 167550 
54600 560.832 12.1969 207300 
54700 561.855 11.3965 159300 
54800 562.88 11.5599 196800 
54900 563.9 12.4446 157020 
55000 564.932 10.9353 201060 
55100 565.964 11.661 155580 
55200 566.988 10.7334 194850 
55300 568.017 13.1609 181680 
55400 569.038 10.4505 183720 
55500 570.06 12.1051 199860 
55600 571.076 10.5071 162270 
55700 572.097 10.9948 211800 
55800 573.136 11.5121 165570 
55900 574.177 11.0494 211230 
56000 575.211 14.0581 173550 
56100 576.242 10.8087 189780 
56200 577.287 12.4027 188790 
56300 578.315 10.9342 158640 
56400 579.338 12.1264 194670 
56500 580.363 11.5177 154080 
56600 581.404 11.179 197430 
56700 582.441 11.4226 181290 
56800 583.467 10.4845 205590 
56900 584.494 11.2038 206640 
57000 585.532 10.6267 177030 
57100 586.566 10.9828 192810 
57200 587.605 11.6397 166800 
57300 588.646 10.7961 184170 
57400 589.687 11.4827 182070 
57500 590.728 10.5229 189780 
57600 591.767 11.8523 202800 
57700 592.811 10.3384 154350 
57800 593.853 11.5874 228000 
57900 594.896 12.8132 160110 
58000 595.938 10.6615 198540 
58100 596.973 12.6431 187230 
58200 598.012 11.89 206640 
58300 599.042 12.9783 173340 
58400 600.073 11.0072 178290 
58500 601.108 12.6057 183840 
58600 602.138 11.3242 182250 
58700 603.168 11.2397 209610 
58800 604.196 10.7815 170370 
58900 605.233 12.2598 198060 
59000 606.267 11.8221 154290 
59100 607.3 11.9366 208110 
59200 608.327 13.4772 183810 
59300 609.358 11.3014 196410 
59400 610.38 11.5567 190410 
59500 611.408 10.5156 194070 
59600 612.435 11.9232 190320 
59700 613.463 10.1079 173070 
59800 614.49 11.4168 215760 
59900 615.51 11.8913 175470 
60000 616.544 10.2128 194580 
60100 617.564 11.3012 169230 
60200 618.58 10.9818 196110 
60300 619.617 12.1007 178020 
60400 620.643 10.9106 195450 
60500 621.669 11.8801 200760 
60600 622.701 10.2069 180540 
60700 623.74 11.2119 200580 
60800 624.772 11.6191 184950 
60900 625.797 11.5781 198540 
61000 626.826 11.1194 163620 
61100 627.856 10.9023 196500 
61200 628.882 10.7082 167070 
61300 629.911 9.85999 208590 
61400 630.939 11.7036 179220 
61500 631.966 10.2528 178950 
61600 632.995 10.9125 185940 
61700 634.017 11.1832 164100 
61800 635.051 10.5945 189810 
61900 636.087 10.9633 190140 
62000 637.117 11.6966 190110 
62100 638.156 11.3678 168300 
62200 639.187 10.2184 178890 
62300 640.215 10.5743 163530 
62400 641.257 10.5966 202200 
62500 642.286 10.5157 177120 
62600 643.313 10.6106 189720 
62700 644.353 11.0045 180180 
62800 645.39 10.6423 177450 
62900 646.428 11.5835 192510 
63000 647.472 10.1237 172140 
63100 648.517 10.4119 182040 
63200 649.564 10.7008 192810 
63300 650.611 10.4387 211530 
63400 651.657 11.1425 176310 
63500 652.703 10.272 199830 
63600 653.749 10.7069 190950 
63700 654.795 10.5661 167790 
63800 655.841 10.5013 200820 
63900 656.886 12.0282 168780 
64000 657.932 10.5153 171600 
64100 658.977 11.396 187200 
64200 660.023 10.717 181050 
64300 661.07 11.3763 186870 
64400 662.117 11.1765 189900 
64500 663.162 12.6677 174360 
64600 664.208 11.6146 189690 
64700 665.255 11.1868 185400 
64800 666.301 10.3854 189960 
64900 667.349 11.0861 187770 
65000 668.396 11.9613 179220 
65100 669.443 11.455 182040 
65200 670.491 11.8173 190890 
65300 671.537 11.3782 164580 
65400 672.585 11.4993 186930 
65500 673.631 11.6066 180810 
65600 674.677 11.5839 185250 
65700 675.723 11.4755 181740 
65800 676.769 11.3324 192330 
65900 677.814 11.2295 178440 
66000 678.859 11.4647 177540 
66100 679.905 11.668 201270 
66200 680.949 12.1426 170910 
66300 681.995 11.7665 199830 
66400 683.04 12.2449 198240 
66500 684.085 11.3192 175290 
66600 685.129 11.4297 195180 
66700 686.172 11.1932 150300 
66800 687.215 11.2743 202320 
66900 688.26 11.3869 171120 
67000 689.302 12.1352 193020 
67100 690.348 11.6132 198840 
67200 691.39 10.4081 178260 
67300 692.435 10.7931 198840 
67400 693.478 10.2713 173250 
67500 694.523 10.4839 170160 
67600 695.567 11.4877 182280 
67700 696.613 10.1751 165390 
67800 697.656 11.8118 172350 
67900 698.701 9.98445 189630 
68000 699.74 10.8898 194430 
68100 700.778 10.724 184680 
68200 701.816 10.902 188880 
68300 702.858 11.073 158520 
68400 703.896 10.6301 179250 
68500 704.938 9.95104 187770 
68600 705.979 10.5949 170190 
68700 707.019 10.6316 171510 
68800 708.058 9.99691 183120 
68900 709.099 12.4041 134610 
69000 710.139 9.91846 182490 
69100 711.179 10.6611 171600 
69200 712.219 11.6226 135480 
69300 713.259 10.8766 183360 
69400 714.299 10.8367 157650 
69500 715.339 10.5342 161520 
69600 716.38 10.0157 181920 
69700 717.42 11.378 150930 
69800 718.457 10.1109 206790 
69900 719.496 10.7255 175500 
70000 720.535 10.3368 155250 
70100 721.575 10.7203 189660 
70200 722.614 10.6906 169380 
70300 723.65 10.3675 173280 
70400 724.688 10.214 169950 
70500 725.726 10.9749 198000 
70600 726.766 9.97635 153330 
70700 727.803 10.5494 203850 
70800 728.84 10.8605 167940 
70900 729.878 11.4699 184080 
71000 730.916 9.32545 192930 
71100 731.954 10.6647 164640 
71200 732.993 9.81968 169260 
71300 734.032 9.67054 194490 
71400 735.069 10.0727 147270 
71500 736.109 10.615 190500 
71600 737.143 8.65379 152280 
71700 738.181 9.84941 158790 
71800 739.22 9.51831 187230 
71900 740.256 9.44622 156150 
72000 741.294 10.221 183750 
72100 742.331 9.14914 175350 
72200 743.363 10.2779 148470 
72300 744.404 9.77445 178650 
72400 745.438 9.15738 155760 
72500 746.48 9.36481 163200 
72600 747.519 9.93933 183000 
72700 748.554 10.31 145590 
72800 749.591 10.1916 196350 
72900 750.621 9.5586 179220 
73000 751.66 10.5309 154110 
73100 752.699 9.64112 170280 
73200 753.738 9.39668 169710 
73300 754.783 10.4088 141840 
73400 755.825 10.0437 168060 
73500 756.863 9.54851 156390 
73600 757.899 10.3002 152910 
73700 758.925 9.38649 185550 
73800 759.966 9.99162 145500 
73900 761.012 11.2032 178590 
74000 762.06 8.92469 178680 
74100 763.107 10.2631 156390 
74200 764.155 9.41839 203490 
74300 765.203 9.31826 157890 
74400 766.252 10.4161 170790 
74500 767.3 10.0019 171810 
74600 768.349 9.17448 149430 
74700 769.396 9.36344 166770 
74800 770.443 9.41385 185520 
74900 771.491 8.89538 150960 
75000 772.538 8.78293 177600 
75100 773.585 9.4899 160560 
75200 774.633 9.64383 168600 
75300 775.68 9.94351 158370 
75400 776.727 10.6491 164070 
75500 777.776 9.41671 188100 
75600 778.823 9.80709 137250 
75700 779.871 9.75088 195450 
75800 780.919 10.2635 149970 
75900 781.967 9.32087 165720 
76000 783.014 9.72168 179400 
76100 784.062 9.53087 151860 
76200 785.108 9.50543 178230 
76300 786.155 9.38643 164850 
76400 787.203 9.4668 167850 
76500 788.251 8.78405 176010 
76600 789.3 9.45465 147570 
76700 790.349 9.03453 179970 
76800 791.398 8.31467 172200 
76900 792.448 10.5669 144420 
77000 793.498 9.40506 202590 
77100 794.547 8.67717 155970 
77200 795.6 9.33603 172560 
77300 796.651 8.71197 185520 
77400 797.702 9.18352 151200 
77500 798.754 9.39612 159090 
77600 799.805 9.25712 169680 
77700 800.853 9.66254 146610 
77800 801.896 9.7502 184590 
77900 802.939 10.1352 194130 
78000 803.989 9.90928 157320 
78100 805.039 10.3441 171960 
78200 806.088 9.65991 182160 
78300 807.138 10.3467 161670 
78400 808.187 9.75931 192480 
78500 809.238 10.7973 169200 
78600 810.287 10.5363 178020 
78700 811.335 11.166 165780 
78800 812.385 10.8252 169950 
78900 813.431 9.34008 184650 
79000 814.475 11.7628 168480 
79100 815.509 9.33774 180240 
79200 816.541 11.5861 150780 
79300 817.592 10.046 181920 
79400 818.639 9.29888 156600 
79500 819.686 9.9128 162600 
79600 820.734 10.317 175740 
79700 821.781 10.1598 169680 
79800 822.83 10.3486 173400 
79900 823.877 10.2023 168900 
80000 824.923 10.6113 160590 
80100 825.971 10.4266 171570 
80200 827.016 9.81912 186210 
80300 828.06 10.0443 161730 
80400 829.104 9.31798 184590 
80500 830.151 11.0247 180360 
80600 831.194 10.056 166950 
80700 832.24 9.86316 179340 
80800 833.286 9.9924 140520 
80900 834.328 9.74726 166260 
81000 835.376 10.2975 168900 
81100 836.425 10.5987 139740 
81200 837.474 10.5298 178860 
81300 838.524 10.0705 158550 
81400 839.573 11.6001 173220 
81500 840.622 10.8185 173280 
81600 841.671 10.8898 159720 
81700 842.718 10.7587 177150 
81800 843.766 10.9165 181200 
81900 844.816 11.7316 156240 
82000 845.865 11.1696 180750 
82100 846.916 9.59146 165060 
82200 847.967 9.32771 149940 
82300 849.018 9.7195 162090 
82400 850.07 9.24501 162150 
82500 851.122 9.83689 136620 
82600 852.174 10.0273 176790 
82700 853.227 9.49899 176010 
82800 854.28 10.8503 153480 
82900 855.332 10.5835 169500 
83000 856.384 9.35498 172050 
83100 857.436 10.7681 161100 
83200 858.486 9.19054 191010 
83300 859.537 9.25146 162570 
83400 860.586 10.1212 161760 
83500 861.635 9.10913 193950 
83600 862.684 9.2442 151050 
83700 863.73 10.0397 164370 
83800 864.775 9.20837 194220 
83900 865.824 10.1023 158460 
84000 866.873 9.65222 174300 
84100 867.923 9.76089 180330 
84200 868.973 9.00931 146070 
84300 870.023 9.57939 182910 
84400 871.074 9.35817 175980 
84500 872.123 9.92748 144630 
84600 873.173 9.13409 185850 
84700 874.223 8.71915 168480 
84800 875.271 8.98044 135060 
84900 876.32 9.0873 182790 
85000 877.369 8.78298 162750 
85100 878.417 9.22395 127020 
85200 879.466 8.56014 190170 
85300 880.514 8.47586 144870 
85400 881.561 9.33913 130500 
85500 882.608 9.04548 189180 
85600 883.654 8.86229 131010 
85700 884.7 10.1567 183990 
85800 885.746 8.62391 172950 
85900 886.791 9.35464 142410 
86000 887.838 10.7864 176040 
86100 888.883 8.71241 169620 
86200 889.931 10.4303 147090 
86300 890.977 10.2114 189360 
86400 892.024 10.4365 166620 
86500 893.07 10.5007 165270 
86600 894.116 10.2889 177990 
86700 895.162 10.3243 143550 
86800 896.208 10.4059 164760 
86900 897.257 9.97248 158940 
87000 898.306 10.0988 173850 
87100 899.355 8.83038 175080 
87200 900.404 9.52353 154650 
87300 901.452 9.22241 174810 
87400 902.497 9.96502 167670 
87500 903.543 9.5921 172650 
87600 904.585 9.6838 159750 
87700 905.629 9.87987 160470 
87800 906.674 9.335 190920 
87900 907.716 9.5038 156750 
88000 908.762 9.44717 183360 
88100 909.805 10.4797 179130 
88200 910.85 9.52257 158730 
88300 911.895 10.5957 174480 
88400 912.942 10.4105 166080 
88500 913.989 10.3465 171030 
88600 915.037 10.9133 166560 
88700 916.085 9.76334 197580 
88800 917.132 9.89546 169740 
88900 918.18 10.5887 180840 
89000 919.23 10.3427 167760 
89100 920.281 9.48328 156630 
89200 921.333 10.5766 174840 
89300 922.384 9.65563 175920 
89400 923.437 9.58666 150600 
89500 924.488 9.70093 186720 
89600 925.541 9.5164 159900 
89700 926.594 9.27182 145770 
89800 927.644 9.24042 184590 
89900 928.696 9.37221 151020 
90000 929.749 9.45944 155460 
90100 930.801 9.45016 192300 
90200 931.852 8.95606 137160 
90300 932.906 10.5126 175020 
90400 933.96 9.07846 185880 
90500 935.014 10.29 141210 
90600 936.068 10.3668 182100 
90700 937.12 9.11026 187410 
90800 938.172 10.6177 124320 
90900 939.224 9.21013 204720 
91000 940.277 10.1442 153090 
91100 941.328 11.3871 144660 
91200 942.381 9.89722 199560 
91300 943.435 10.4518 155190 
91400 944.487 11.3638 164370 
91500 945.54 8.89676 183630 
91600 946.591 10.5973 147300 
91700 947.643 9.34499 173760 
91800 948.695 9.85385 165330 
91900 949.745 10.1878 149280 
92000 950.795 9.02904 178770 
92100 951.845 9.60442 165180 
92200 952.895 9.56377 164160 
92300 953.945 8.7436 149700 
92400 954.995 9.0544 167640 
92500 956.046 9.02405 157410 
92600 957.097 9.57737 138930 
92700 958.149 8.75994 188310 
92800 959.2 8.84385 166440 
92900 960.251 10.0389 154920 
93000 961.302 8.67035 188850 
93100 962.354 9.58698 128220 
93200 963.407 9.90101 206250 
93300 964.456 8.06512 155670 
93400 965.503 10.3101 140550 
93500 966.544 9.30116 192660 
93600 967.582 9.24407 122850 
93700 968.622 10.164 183570 
93800 969.668 8.50921 180150 
93900 970.722 9.34742 125010 
94000 971.773 8.39101 196980 
94100 972.825 8.97619 146730 
94200 973.878 9.85162 156090 
94300 974.929 9.74065 196500 
94400 975.981 9.56373 131550 
94500 977.031 10.4228 198840 
94600 978.083 9.69004 142920 
94700 979.135 10.2687 159600 
94800 980.186 9.4546 182640 
94900 981.237 9.80204 130380 
95000 982.288 10.0884 197820 
95100 983.339 8.65027 182490 
95200 984.391 10.3179 146790 
95300 985.442 9.63023 192510 
95400 986.494 9.29161 158010 
95500 987.546 10.1454 158400 
95600 988.598 9.13272 175740 
95700 989.649 8.99746 152250 
95800 990.7 8.99629 169320 
95900 991.751 9.66797 151770 
96000 992.801 9.6169 166320 
96100 993.853 8.96681 175560 
96200 994.904 10.3043 151050 
96300 995.956 9.17812 187260 
96400 997.006 9.9602 176040 
96500 998.056 9.86082 172350 
96600 999.107 10.5733 180690 
96700 1000.16 9.61675 168600 
96800 1001.21 10.6475 167820 
96900 1002.26 10.484 148650 
97000 1003.32 10.287 201630 
97100 1004.37 10.8718 152610 
97200 1005.42 10.3685 166650 
97300 1006.46 10.3356 195330 
97400 1007.51 10.839 146490 
97500 1008.55 10.5714 171660 
97600 1009.6 10.285 154770 
97700 1010.65 11.1613 182040 
97800 1011.7 10.6698 165330 
97900 1012.75 11.1168 172260 
98000 1013.8 10.7442 194610 
98100 1014.85 9.20308 171900 
98200 1015.9 11.2722 153570 
98300 1016.94 9.302 175020 
98400 1017.99 8.94956 167670 
98500 1019.03 10.1748 152430 
98600 1020.08 9.08773 192480 
98700 1021.13 9.77969 157020 
98800 1022.17 9.51221 139680 
98900 1023.21 10.0986 210570 
99000 1024.25 9.67963 148980 
99100 1025.28 9.17845 140730 
99200 1026.32 9.32101 196650 
99300 1027.36 9.76825 169080 
99400 1028.4 10.1156 149940 
99500 1029.44 9.99281 174090 
99600 1030.48 9.6829 160260 
99700 1031.51 9.32167 143880 
99800 1032.56 8.5595 182850 
99900 1033.6 8.63222 162990 
100000 1034.65 8.68119 141840 
100100 1035.69 9.48393 194580 
100200 1036.73 8.43557 155550 
100300 1037.78 10.0598 152280 
100400 1038.82 8.5541 177360 
100500 1039.87 9.64214 156000 
100600 1040.92 10.0306 171390 
100700 1041.96 9.40772 168090 
100800 1043.01 10.5173 137490 
100900 1044.06 9.49397 187500 
101000 1045.11 9.0154 160350 
101100 1046.16 9.30176 154200 
101200 1047.21 8.74076 195810 
101300 1048.26 9.64165 139350 
101400 1049.31 9.52617 188010 
101500 1050.36 9.14052 185610 
101600 1051.41 9.63183 135870 
101700 1052.46 9.19005 181590 
101800 1053.5 9.10467 178470 
101900 1054.55 9.40016 146070 
102000 1055.6 8.36314 168930 
102100 1056.65 8.16367 164550 
102200 1057.7 8.96188 149820 
102300 1058.74 8.55284 172050 
102400 1059.8 8.63276 140790 
102500 1060.85 9.34883 168720 
102600 1061.9 8.17389 167700 
102700 1062.95 8.716 156690 
102800 1064 9.12863 174600 
102900 1065.05 9.37459 136200 
103000 1066.1 9.40654 186240 
103100 1067.15 8.92616 161040 
103200 1068.21 9.87481 138750 
103300 1069.26 9.27876 177480 
103400 1070.31 8.94433 169620 
103500 1071.37 9.55079 165090 
103600 1072.42 8.95967 189180 
103700 1073.47 9.28267 154020 
103800 1074.52 9.55413 177990 
103900 1075.57 9.59171 158430 
104000 1076.63 9.65185 166650 
104100 1077.68 9.96395 176790 
104200 1078.73 10.4865 161550 
104300 1079.79 10.0223 177930 
104400 1080.84 9.5863 150660 
104500 1081.9 9.3815 144060 
104600 1082.95 9.81061 173370 
104700 1084.01 9.35749 165660 
104800 1085.07 10.5459 138900 
104900 1086.12 9.59899 165720 
105000 1087.18 9.42835 155790 
105100 1088.24 9.02701 161490 
105200 1089.3 9.12859 176730 
105300 1090.36 9.44379 160710 
105400 1091.42 9.22009 153870 
105500 1092.47 9.65409 156450 
105600 1093.53 9.41833 165150 
105700 1094.59 8.72955 173970 
105800 1095.65 8.78789 133920 
105900 1096.7 9.4955 182610 
106000 1097.76 8.89563 162270 
106100 1098.82 10.1923 128250 
106200 1099.88 9.31907 183300 
106300 1100.94 7.77598 142380 
106400 1102 8.98272 154920 
106500 1103.06 8.16659 192000 
106600 1104.12 9.5796 143970 
106700 1105.18 8.7676 158250 
106800 1106.23 8.91736 177810 
106900 1107.29 9.00377 141960 
107000 1108.35 9.56522 184230 
107100 1109.4 8.64008 141690 
107200 1110.46 9.61542 182250 
107300 1111.52 9.55123 156660 
107400 1112.57 9.90398 149850 
107500 1113.63 9.91219 173880 
107600 1114.69 9.01371 155310 
107700 1115.74 10.1993 160650 
107800 1116.8 9.15474 171300 
107900 1117.85 9.58074 146280 
108000 1118.91 9.311 164100 
108100 1119.96 9.68042 174120 
108200 1121.02 9.40822 152010 
108300 1122.07 9.2437 201240 
108400 1123.13 9.87096 150660 
108500 1124.18 10.2746 184230 
108600 1125.24 8.81026 169350 
108700 1126.29 9.67375 141810 
108800 1127.34 9.65714 192480 
108900 1128.4 8.84938 149940 
109000 1129.45 10.2451 164250 
109100 1130.5 9.72342 182160 
109200 1131.55 10.5054 167940 
109300 1132.6 9.3659 171240 
109400 1133.66 9.10176 168900 
109500 1134.71 9.71537 157080 
109600 1135.76 9.16773 163200 
109700 1136.82 10.5201 166890 
109800 1137.87 9.85906 172920 
109900 1138.93 9.03595 158970 
110000 1139.98 10.0224 137190 
110100 1141.04 9.39121 172440 
110200 1142.09 8.78131 146430 
110300 1143.15 9.45485 144510 
110400 1144.2 7.82086 190530 
110500 1145.25 8.2605 165600 
110600 1146.31 9.24903 144780 
110700 1147.36 9.16053 188130 
110800 1148.42 9.27355 157800 
110900 1149.47 9.47126 142980 
111000 1150.52 9.41852 167040 
111100 1151.58 8.83539 166140 
111200 1152.63 8.70644 144930 
111300 1153.68 9.54643 144330 
111400 1154.73 9.30581 165570 
111500 1155.79 9.03087 147750 
111600 1156.84 10.1111 146160 
111700 1157.9 8.56251 182670 
111800 1158.95 9.01162 142230 
111900 1160 9.90334 162180 
112000 1161.06 9.47927 179940 
112100 1162.11 10.7813 159990 
112200 1163.17 10.8498 169740 
112300 1164.22 10.3951 162390 
112400 1165.27 9.54142 170340 
112500 1166.33 10.0242 138930 
112600 1167.38 9.35452 180690 
112700 1168.44 8.6132 185820 
112800 1169.49 9.89508 119670 
112900 1170.54 9.34817 183390 
113000 1171.6 9.27556 167040 
113100 1172.65 9.26592 132930 
113200 1173.71 9.97536 154080 
113300 1174.76 9.17581 186810 
113400 1175.82 10.4633 145350 
113500 1176.87 10.8405 164400 
113600 1177.92 9.89166 175080 
113700 1178.98 9.32405 141600 
113800 1180.03 9.15869 158910 
113900 1181.09 9.83854 179670 
114000 1182.14 9.08585 179550 
114100 1183.19 9.69291 132840 
114200 1184.24 9.35568 184680 
114300 1185.29 8.65496 194760 
114400 1186.34 9.40155 118920 
114500 1187.4 9.13165 170820 
114600 1188.45 9.38954 182610 
114700 1189.5 9.54151 126810 
114800 1190.56 9.37829 165870 
114900 1191.61 8.8909 180990 
115000 1192.66 8.52503 140700 
115100 1193.72 10.5895 144030 
115200 1194.77 9.375 191220 
115300 1195.82 8.91571 151500 
115400 1196.88 10.4979 163020 
115500 1197.93 9.53209 177570 
115600 1198.98 8.5221 154260 
115700 1200.04 9.85524 147300 
115800 1201.1 9.68839 182730 
115900 1202.15 9.43246 161580 
116000 1203.21 10.2166 150450 
116100 1204.26 9.74625 184860 
116200 1205.32 9.57316 161460 
116300 1206.37 9.7416 163590 
116400 1207.43 10.3784 167280 
116500 1208.49 8.77874 161610 
116600 1209.54 9.50741 142110 
116700 1210.6 9.45574 147420 
116800 1211.66 8.98203 170790 
116900 1212.72 9.19272 162960 
117000 1213.78 8.74416 156630 
117100 1214.84 9.0824 157320 
117200 1215.9 8.85013 159870 
117300 1216.96 9.58953 153660 
117400 1218.02 9.77931 153480 
117500 1219.08 9.05564 179580 
117600 1220.14 8.95652 152970 
117700 1221.2 8.84271 139200 
117800 1222.26 8.17303 186510 
117900 1223.32 8.44808 138690 
118000 1224.37 8.49286 154440 
118100 1225.43 8.62556 190980 
118200 1226.49 8.08171 142650 
118300 1227.55 8.91418 146670 
118400 1228.61 8.61718 182280 
118500 1229.67 8.44036 147360 
118600 1230.73 9.56606 169500 
118700 1231.79 8.1133 159840 
118800 1232.85 9.07315 174480 
118900 1233.91 8.97794 169920 
119000 1234.97 9.34551 157320 
119100 1236.03 9.37833 156330 
119200 1237.09 8.38001 154230 
119300 1238.15 8.89466 154110 
119400 1239.21 9.49973 166740 
119500 1240.27 9.35834 153240 
119600 1241.33 10.1525 156060 
119700 1242.39 8.7222 168300 
119800 1243.45 8.94126 155160 
119900 1244.51 9.20908 148440 
120000 1245.57 8.87031 158580 
120100 1246.63 9.61046 166920 
120200 1247.69 9.63155 149670 
120300 1248.75 10.2628 161340 
120400 1249.81 9.20522 168240 
120500 1250.87 9.81691 161400 
120600 1251.93 9.18844 156840 
120700 1252.99 8.66644 177510 
120800 1254.06 9.36543 158430 
120900 1255.12 8.77094 163890 
121000 1256.18 8.71213 176490 
121100 1257.24 8.54222 161670 
121200 1258.31 9.14356 151380 
121300 1259.37 9.15898 183090 
121400 1260.43 8.33398 152220 
121500 1261.49 9.5623 145200 
121600 1262.55 9.91815 168000 
121700 1263.61 8.94838 171510 
121800 1264.67 9.88046 131190 
121900 1265.73 8.25746 169860 
122000 1266.79 8.27702 179220 
122100 1267.85 8.41827 133620 
122200 1268.91 8.57197 164280 
122300 1269.97 8.73124 148530 
122400 1271.02 8.46045 168060 
122500 1272.08 8.9549 136110 
122600 1273.14 8.62663 185160 
122700 1274.2 7.94509 171630 
122800 1275.25 9.28741 138390 
122900 1276.31 9.22741 184860 
123000 1277.37 8.55756 171510 
123100 1278.42 8.59685 149130 
123200 1279.48 10.0397 173550 
123300 1280.54 9.39049 167160 
123400 1281.59 9.20744 153480 
123500 1282.65 10.5437 151590 
123600 1283.71 8.94816 175350 
123700 1284.77 9.56549 156510 
123800 1285.82 9.08312 138330 
123900 1286.88 9.43519 174270 
124000 1287.94 7.50424 156990 
124100 1288.99 9.05661 147180 
124200 1290.05 9.27095 179760 
124300 1291.11 8.58679 193890 
124400 1292.16 9.66767 138510 
124500 1293.22 9.05886 147600 
124600 1294.28 8.29009 193020 
124700 1295.33 8.75832 140760 
124800 1296.39 9.01305 157800 
124900 1297.44 8.34007 182160 
125000 1298.49 8.55726 140880 
125100 1299.55 8.83028 144540 
125200 1300.61 8.65096 180510 
125300 1301.66 9.06714 158730 
125400 1302.72 9.32403 130710 
125500 1303.77 9.19836 199620 
125600 1304.83 8.65512 164790 
125700 1305.88 9.8803 144870 
125800 1306.94 9.69799 163080 
125900 1307.99 9.67904 182760 
126000 1309.04 9.81574 145590 
126100 1310.1 8.79839 140520 
126200 1311.16 8.49354 173070 
126300 1312.21 8.33439 140280 
126400 1313.27 9.65236 133890 
126500 1314.33 8.65052 162810 
126600 1315.38 8.67745 154020 
126700 1316.44 9.28155 147870 
126800 1317.49 8.6102 173850 
126900 1318.55 8.49462 170850 
127000 1319.61 10.2212 128670 
127100 1320.66 8.95388 171720 
127200 1321.72 9.15575 170550 
127300 1322.78 9.85762 141390 
127400 1323.83 9.70331 172020 
127500 1324.89 9.51307 191040 
127600 1325.95 11.0737 130230 
127700 1327.01 10.5186 177030 
127800 1328.07 9.62326 173790 
127900 1329.13 10.4256 154680 
128000 1330.19 9.69137 158340 
128100 1331.25 9.32811 168840 
128200 1332.3 10.0522 158310 
128300 1333.36 11.3191 140610 
128400 1334.42 9.26894 183270 
128500 1335.47 9.8688 151920 
128600 1336.52 11.08 145650 
128700 1337.57 9.25826 180420 
128800 1338.61 9.57325 156030 
128900 1339.66 9.10243 148200 
129000 1340.72 9.14426 167040 
129100 1341.77 8.16513 176340 
129200 1342.83 9.8247 131700 
129300 1343.89 9.961 195900 
129400 1344.94 9.08218 163680 
129500 1346 10.066 154650 
129600 1347.05 9.01009 168660 
129700 1348.1 8.85132 170850 
129800 1349.16 10.2193 161400 
129900 1350.21 9.39075 149280 
130000 1351.26 9.49947 169500 
130100 1352.32 9.25848 155880 
130200 1353.37 9.12588 147630 
130300 1354.42 8.55718 181290 
130400 1355.47 9.13852 150510 
130500 1356.53 9.34992 154440 
130600 1357.58 8.37675 188010 
130700 1358.63 9.42135 150720 
130800 1359.69 8.25712 153510 
130900 1360.74 9.36744 169350 
131000 1361.79 8.72318 185100 
131100 1362.84 8.89115 153360 
131200 1363.89 8.68299 173100 
131300 1364.95 8.341 168780 
131400 1366 8.55182 149940 
131500 1367.05 8.48281 164310 
131600 1368.1 9.34856 165600 
131700 1369.15 9.32895 158490 
131800 1370.2 9.90069 159000 
131900 1371.25 9.69324 159570 
132000 1372.31 9.27095 184080 
132100 1373.36 10.3331 144720 
132200 1374.41 10.2696 169230 
132300 1375.46 9.80671 179460 
132400 1376.51 9.30958 136770 
132500 1377.56 10.4068 160920 
132600 1378.61 9.92015 177330 
132700 1379.67 10.1583 154920 
132800 1380.72 10.4304 145800 
132900 1381.77 10.0293 177720 
133000 1382.82 8.72451 154440 
133100 1383.88 9.57012 137220 
133200 1384.93 9.48654 194520 
133300 1385.98 8.30142 159210 
133400 1387.03 9.62257 145590 
133500 1388.09 8.28953 184110 
133600 1389.14 9.0319 172590 
133700 1390.19 8.77259 160710 
133800 1391.24 8.94101 171360 
133900 1392.29 8.07798 177150 
134000 1393.34 8.63773 141390 
134100 1394.4 9.5841 165540 
134200 1395.45 9.32519 179850 
134300 1396.5 9.20333 149340 
134400 1397.55 9.30127 143700 
134500 1398.6 8.87573 193920 
134600 1399.65 8.86639 141390 
134700 1400.7 9.47845 168480 
134800 1401.76 9.27715 182190 
134900 1402.81 8.67423 150330 
135000 1403.86 8.20784 159150 
135100 1404.91 8.42214 173340 
135200 1405.96 9.5246 151500 
135300 1407.01 10.2625 161250 
135400 1408.07 10.265 156660 
135500 1409.12 10.435 170100 
135600 1410.17 9.64321 172530 
135700 1411.22 9.88864 170940 
135800 1412.28 10.3614 168330 
135900 1413.33 9.48154 171240 
136000 1414.39 9.94591 154260 
136100 1415.44 9.09042 182610 
136200 1416.49 9.25506 161520 
136300 1417.54 9.2197 174360 
136400 1418.59 9.24692 171390 
136500 1419.65 10.137 154680 
136600 1420.7 9.68924 174600 
136700 1421.75 10.6199 165270 
136800 1422.8 9.48999 163350 
136900 1423.85 9.16755 152070 
137000 1424.91 9.51407 163860 
137100 1425.96 10.0271 169290 
137200 1427.02 10.0543 158460 
137300 1428.07 10.4992 151860 
137400 1429.13 9.4893 162660 
137500 1430.19 8.71903 158100 
137600 1431.25 9.81419 158460 
137700 1432.31 9.75025 179040 
137800 1433.36 9.86729 155670 
137900 1434.42 10.7191 158940 
138000 1435.48 9.27572 159570 
138100 1436.53 9.74225 141810 
138200 1437.59 9.27998 149610 
138300 1438.65 8.23287 154890 
138400 1439.71 9.29208 169650 
138500 1440.77 9.67811 146220 
138600 1441.83 8.41506 168030 
138700 1442.89 9.13153 155040 
138800 1443.94 8.78115 149160 
138900 1445 9.60535 155370 
139000 1446.06 9.13712 154980 
139100 1447.12 9.73838 155940 
139200 1448.18 9.34949 170370 
139300 1449.23 9.34498 153150 
139400 1450.28 9.0642 165990 
139500 1451.33 8.97194 156120 
139600 1452.39 7.69594 154980 
139700 1453.45 8.46674 159900 
139800 1454.52 8.87543 137970 
139900 1455.58 8.64159 172470 
140000 1456.64 9.28563 147300 
140100 1457.71 9.40986 144090 
140200 1458.77 9.97674 170400 
140300 1459.83 9.03463 157080 
140400 1460.9 8.85451 137190 
140500 1461.96 8.74302 173070 
140600 1463.03 8.3309 158220 
140700 1464.09 8.26843 163020 
140800 1465.16 8.71777 167610 
140900 1466.22 8.31928 142440 
141000 1467.29 9.00101 147570 
141100 1468.35 8.89958 162840 
141200 1469.42 8.09489 166170 
141300 1470.48 9.07258 140010 
141400 1471.55 8.86493 158730 
141500 1472.62 9.32012 171660 
141600 1473.68 9.62248 161970 
141700 1474.74 9.26481 148230 
141800 1475.8 9.12705 180300 
141900 1476.86 9.02564 174870 
142000 1477.93 10.3238 134010 
142100 1478.99 9.16974 159810 
142200 1480.05 8.7458 158790 
142300 1481.11 9.74125 127590 
142400 1482.17 9.04907 161700 
142500 1483.24 8.43335 164520 
142600 1484.3 8.94741 136530 
142700 1485.36 8.67283 140160 
142800 1486.42 7.60725 183510 
142900 1487.48 8.42264 157830 
143000 1488.54 8.87372 130020 
143100 1489.6 8.39377 209190 
143200 1490.66 8.42237 155160 
143300 1491.72 9.41471 139230 
143400 1492.78 8.92264 172200 
143500 1493.85 8.7944 158790 
143600 1494.91 9.76385 141810 
143700 1495.96 9.3433 168600 
143800 1497.02 8.89459 157620 
143900 1498.09 8.86621 143700 
144000 1499.15 8.21968 167970 
144100 1500.21 8.71028 160320 
144200 1501.27 7.82556 133740 
144300 1502.34 8.46013 180930 
144400 1503.39 9.33279 162060 
144500 1504.45 8.46766 145530 
144600 1505.51 9.51607 168870 
144700 1506.57 8.57096 190230 
144800 1507.62 9.26469 157020 
144900 1508.68 10.1314 141570 
145000 1509.74 8.72688 192510 
145100 1510.79 9.49667 142470 
145200 1511.85 10.2268 142920 
145300 1512.91 8.89115 194490 
145400 1513.96 9.10712 163230 
145500 1515.02 9.51413 157770 
145600 1516.08 9.53645 160200 
145700 1517.14 9.71542 161760 
145800 1518.2 9.8868 146910 
145900 1519.26 8.98295 162180 
146000 1520.32 8.78337 154080 
146100 1521.38 8.99219 168420 
146200 1522.44 9.50229 142710 
146300 1523.5 8.64496 161940 
146400 1524.56 9.0391 152250 
146500 1525.62 8.28096 151320 
146600 1526.68 7.70594 143910 
146700 1527.74 9.48597 157770 
146800 1528.8 8.78343 163740 
146900 1529.86 8.50935 144240 
147000 1530.92 8.2646 141930 
147100 1531.98 8.24442 171990 
147200 1533.04 7.89777 140970 
147300 1534.1 9.68105 150450 
147400 1535.16 9.32743 153120 
147500 1536.22 9.24936 151050 
147600 1537.28 8.90274 145410 
147700 1538.34 8.15849 156420 
147800 1539.4 8.8023 139920 
147900 1540.46 8.56022 138660 
148000 1541.52 8.42671 147510 
148100 1542.58 8.82005 150180 
148200 1543.64 8.40898 135570 
148300 1544.7 8.94721 152640 
148400 1545.76 9.04819 162630 
148500 1546.82 9.05702 150900 
148600 1547.88 9.24339 147570 
148700 1548.94 8.57257 182520 
148800 1550 8.49018 155430 
148900 1551.06 9.16385 106890 
149000 1552.12 7.75029 180780 
149100 1553.18 7.54521 151620 
149200 1554.24 7.20733 112800 
149300 1555.3 8.45595 157080 
149400 1556.36 6.97984 163080 
149500 1557.42 7.97394 117420 
149600 1558.48 7.58366 152850 
149700 1559.53 7.15024 158280 
149800 1560.59 7.93301 152340 
149900 1561.65 8.04068 152670 
150000 1562.7 7.74767 156510 
150100 1563.76 8.8476 153540 
150200 1564.81 8.83421 159390 
150300 1565.86 9.02279 124830 
150400 1566.92 9.41387 152460 
150500 1567.97 8.55905 163350 
150600 1569.02 9.02855 138570 
150700 1570.08 8.77125 158460 
150800 1571.13 8.26619 150720 
150900 1572.19 8.64278 159630 
151000 1573.25 8.78731 176730 
151100 1574.3 8.73355 148620 
151200 1575.37 9.18643 136830 
151300 1576.42 8.6621 169530 
151400 1577.48 9.64626 147930 
151500 1578.53 9.02627 122220 
151600 1579.58 8.84091 176670 
151700 1580.64 8.35828 141000 
151800 1581.69 8.90594 153630 
151900 1582.75 9.39273 145620 
152000 1583.8 9.3253 145380 
152100 1584.85 9.39065 174900 
152200 1585.91 8.40824 148800 
152300 1586.96 9.59695 119190 
152400 1588.02 9.28684 178860 
152500 1589.07 8.95264 159480 
152600 1590.12 9.94066 120480 
152700 1591.17 9.66256 135480 
152800 1592.22 8.43084 185700 
152900 1593.28 8.35419 131460 
153000 1594.33 8.9239 121740 
153100 1595.38 8.16549 168570 
153200 1596.43 8.19744 145800 
153300 1597.48 8.44469 149700 
153400 1598.54 7.48694 145740 
153500 1599.59 7.64052 166620 
153600 1600.64 7.70189 144600 
153700 1601.69 8.07178 137880 
153800 1602.74 7.76409 160590 
153900 1603.8 7.72886 183180 
154000 1604.85 7.44472 117630 
154100 1605.9 8.42445 156150 
154200 1606.95 7.8946 187440 
154300 1607.99 8.38312 120030 
154400 1609.05 9.27 144240 
154500 1610.09 9.20158 173760 
154600 1611.14 8.59826 167370 
154700 1612.19 9.45003 130590 
154800 1613.24 9.75645 148920 
154900 1614.28 8.79015 169530 
155000 1615.33 8.04633 161130 
155100 1616.37 7.74774 134010 
155200 1617.42 8.456 130650 
155300 1618.47 7.12731 178800 
155400 1619.51 7.20482 142410 
155500 1620.56 8.72182 127770 
155600 1621.6 7.66357 147360 
155700 1622.65 7.66667 164760 
155800 1623.7 8.35993 126870 
155900 1624.74 9.17409 148890 
156000 1625.78 8.21078 176400 
156100 1626.83 8.57105 155640 
156200 1627.87 8.61223 134070 
156300 1628.92 8.02034 128340 
156400 1629.96 8.12173 177780 
156500 1631.01 7.8049 135990 
156600 1632.05 8.06594 141150 
156700 1633.1 7.54082 126780 
156800 1634.14 7.20754 174630 
156900 1635.18 7.40433 123930 
157000 1636.22 8.38585 142560 
157100 1637.27 7.78206 154860 
157200 1638.31 7.66506 161130 
157300 1639.35 8.30884 130830 
157400 1640.39 7.87168 125220 
157500 1641.44 7.63845 180390 
157600 1642.48 7.47113 151560 
157700 1643.52 7.93034 131850 
157800 1644.56 8.71593 155430 
157900 1645.61 7.56504 179700 
158000 1646.65 7.92353 136110 
158100 1647.69 8.31748 127800 
158200 1648.73 7.52088 182610 
158300 1649.78 7.67087 168990 
158400 1650.82 7.82607 127080 
158500 1651.87 7.99396 118080 
158600 1652.91 7.43102 171870 
158700 1653.95 7.72498 140400 
158800 1654.99 8.57701 124830 
158900 1656.03 8.85926 144540 
159000 1657.08 7.91974 184440 
159100 1658.12 7.30421 149130 
159200 1659.16 10.2157 119760 
159300 1660.2 7.88974 174120 
159400 1661.24 7.94819 148560 
159500 1662.28 8.79866 137580 
159600 1663.32 9.21552 104520 
159700 1664.36 8.01311 177750 
159800 1665.4 7.68384 136020 
159900 1666.44 8.59753 123240 
160000 1667.48 8.18719 138240 
160100 1668.52 8.17766 175350 
160200 1669.56 9.23053 145500 
160300 1670.6 8.14134 130980 
160400 1671.64 8.41836 159870 
160500 1672.68 7.34155 158970 
160600 1673.72 8.10066 144420 
160700 1674.75 7.70048 136230 
160800 1675.79 8.37004 165780 
160900 1676.83 7.99748 141270 
161000 1677.87 8.51845 135630 
161100 1678.9 8.68823 150600 
161200 1679.94 8.04575 157050 
161300 1680.98 8.01067 147390 
161400 1682.02 7.8917 137460 
161500 1683.06 7.78534 165660 
161600 1684.09 7.32532 145230 
161700 1685.13 8.20559 148470 
161800 1686.16 7.87593 164490 
161900 1687.2 8.24446 170340 
162000 1688.24 8.30886 152640 
162100 1689.27 9.00715 141450 
162200 1690.31 7.91894 170580 
162300 1691.35 7.79426 132660 
162400 1692.39 8.76926 145050 
162500 1693.42 8.65086 143040 
162600 1694.46 7.82847 173760 
162700 1695.5 8.48564 133860 
162800 1696.54 8.34687 133650 
162900 1697.57 8.45668 162720 
163000 1698.61 7.9 177210 
163100 1699.64 8.41791 118470 
163200 1700.68 8.32462 144600 
163300 1701.71 7.7836 145170 
163400 1702.75 7.98131 151200 
163500 1703.78 8.51383 136170 
163600 1704.81 8.0531 133320 
163700 1705.84 8.11406 173970 
163800 1706.87 8.24303 129720 
163900 1707.91 8.93511 144420 
164000 1708.94 8.05541 158400 
164100 1709.97 7.69149 147990 
164200 1711.01 8.33925 134130 
164300 1712.04 8.08414 154230 
164400 1713.07 7.80781 148860 
164500 1714.1 8.43825 143010 
164600 1715.14 8.94241 160230 
164700 1716.18 8.04062 150000 
164800 1717.21 8.33494 148560 
164900 1718.25 8.73987 145590 
165000 1719.28 8.32843 159840 
165100 1720.32 8.89422 129990 
165200 1721.35 8.08592 154500 
165300 1722.39 8.40817 151770 
165400 1723.42 8.50106 154650 
165500 1724.46 9.32925 130980 
165600 1725.5 9.15042 181620 
165700 1726.53 8.69981 156270 
165800 1727.57 8.85367 146370 
165900 1728.6 9.59444 145680 
166000 1729.64 9.4929 155400 
166100 1730.67 8.23839 166560 
166200 1731.71 9.13253 136320 
166300 1732.74 8.06341 164640 
166400 1733.77 7.75724 173100 
166500 1734.81 8.16445 133680 
166600 1735.84 7.90884 152880 
166700 1736.87 8.35065 140160 
166800 1737.9 7.80042 156570 
166900 1738.94 8.14091 119670 
167000 1739.97 8.33583 142770 
167100 1741 8.12669 171120 
167200 1742.04 7.583 133200 
167300 1743.07 8.17301 109800 
167400 1744.11 8.28154 160260 
167500 1745.14 8.14797 155010 
167600 1746.18 8.40635 132510 
167700 1747.21 8.40967 138480 
167800 1748.25 7.96104 184740 
167900 1749.28 7.04865 146370 
168000 1750.32 7.97313 124830 
168100 1751.35 7.93904 141150 
168200 1752.38 7.83358 160470 
168300 1753.41 7.96614 141060 
168400 1754.45 8.47773 134820 
168500 1755.48 7.89791 168960 
168600 1756.51 8.5142 141240 
168700 1757.54 9.50657 140340 
168800 1758.57 9.26957 136470 
168900 1759.61 8.64627 164370 
169000 1760.64 9.11595 136410 
169100 1761.67 9.59016 127320 
169200 1762.71 8.21277 171450 
169300 1763.74 8.09269 140760 
169400 1764.77 8.53718 168000 
169500 1765.8 8.45627 134610 
169600 1766.83 8.00555 160650 
169700 1767.86 9.16197 128130 
169800 1768.89 8.16164 156090 
169900 1769.92 8.43854 158730 
170000 1770.94 7.8927 180150 
170100 1771.96 7.6095 130170 
170200 1772.99 8.1313 130980 
170300 1774.01 7.64012 142350 
170400 1775.04 7.70878 154230 
170500 1776.06 7.29256 135990 
170600 1777.08 8.97561 140070 
170700 1778.1 8.56958 139650 
170800 1779.12 8.08016 152670 
170900 1780.15 7.91239 149850 
171000 1781.18 7.88521 138600 
171100 1782.2 7.89736 136260 
171200 1783.22 8.19316 139080 
171300 1784.25 8.65363 161040 
171400 1785.27 7.97367 152370 
171500 1786.3 8.28389 148500 
171600 1787.32 8.09822 144210 
171700 1788.34 8.69218 145740 
171800 1789.37 8.38912 156660 
171900 1790.4 7.81826 134910 
172000 1791.42 8.47123 143970 
172100 1792.45 8.16259 132150 
172200 1793.47 8.41049 142620 
172300 1794.49 8.31863 154950 
172400 1795.52 8.54572 140160 
172500 1796.55 8.06603 147120 
172600 1797.58 8.45207 131880 
172700 1798.61 8.65686 146880 
172800 1799.64 8.51382 152490 
172900 1800.66 8.01833 162360 
173000 1801.69 8.88322 129030 
173100 1802.72 8.66012 122430 
173200 1803.75 8.63246 162990 
173300 1804.78 7.73529 176940 
173400 1805.81 9.09296 123090 
173500 1806.84 9.50292 132570 
173600 1807.86 8.32785 155100 
173700 1808.89 8.75386 167580 
173800 1809.91 8.70623 160590 
173900 1810.94 8.09361 137160 
174000 1811.97 8.29572 131220 
174100 1813 8.66536 159120 
174200 1814.03 8.50832 155520 
174300 1815.07 9.03778 144960 
174400 1816.1 9.67892 139170 
174500 1817.14 8.64098 123360 
174600 1818.17 7.95644 155160 
174700 1819.21 7.84962 151650 
174800 1820.25 7.85207 148740 
174900 1821.28 8.45562 124710 
175000 1822.31 7.83216 126480 
175100 1823.34 7.66514 143430 
175200 1824.38 7.59337 164100 
175300 1825.41 7.93579 136080 
175400 1826.44 7.81156 118080 
175500 1827.47 7.68852 139890 
175600 1828.5 7.17021 168180 
175700 1829.54 7.2671 153120 
175800 1830.56 8.12548 108750 
175900 1831.6 8.04769 138360 
176000 1832.63 8.01318 141450 
176100 1833.66 7.48037 148950 
176200 1834.69 7.4713 132870 
176300 1835.72 7.73369 154350 
176400 1836.76 7.48873 124260 
176500 1837.79 7.90485 131400 
176600 1838.82 8.0616 163350 
176700 1839.85 8.52485 153720 
176800 1840.88 7.56399 117930 
176900 1841.91 8.97648 139650 
177000 1842.94 7.91127 166290 
177100 1843.98 7.26043 163920 
177200 1845.01 7.49443 124920 
177300 1846.05 8.50111 147120 
177400 1847.08 7.22709 139890 
177500 1848.11 7.71593 149400 
177600 1849.15 7.65439 164190 
177700 1850.18 7.86938 138930 
177800 1851.2 7.93228 127470 
177900 1852.23 7.8619 131070 
178000 1853.27 7.44971 183600 
178100 1854.3 7.33143 144810 
178200 1855.34 8.24141 132570 
178300 1856.37 9.00336 132840 
178400 1857.4 8.29359 153000 
178500 1858.44 8.60785 186870 
178600 1859.47 8.27622 146130 
178700 1860.51 8.7501 150060 
178800 1861.54 8.15307 135870 
178900 1862.58 8.38206 150810 
179000 1863.62 8.52121 160050 
179100 1864.65 7.66749 155100 
179200 1865.67 8.07532 138000 
179300 1866.71 8.00529 129300 
179400 1867.75 7.29528 141450 
179500 1868.79 7.50126 153030 
179600 1869.82 7.70365 157230 
179700 1870.86 7.10647 127620 
179800 1871.9 8.56238 125940 
179900 1872.94 7.525 157200 
180000 1873.97 8.12746 168180 
180100 1875.01 7.59254 155610 
180200 1876.04 8.06245 116790 
180300 1877.08 8.44052 118590 
180400 1878.12 8.33977 145500 
180500 1879.15 7.83936 178230 
180600 1880.19 8.21651 138630 
180700 1881.22 8.57826 117630 
180800 1882.26 8.11303 136050 
180900 1883.3 8.27177 166350 
181000 1884.33 8.14446 147120 
181100 1885.37 8.33801 127050 
181200 1886.4 9.32736 132570 
181300 1887.44 7.37008 152040 
181400 1888.48 7.41231 139680 
181500 1889.51 7.51138 138390 
181600 1890.55 8.39578 150480 
181700 1891.59 8.34377 138990 
181800 1892.63 7.66275 130920 
181900 1893.67 8.09189 142530 
182000 1894.71 8.09104 168240 
182100 1895.75 7.41879 135450 
182200 1896.79 7.81692 146940 
182300 1897.83 7.89824 122910 
182400 1898.86 6.96592 133560 
182500 1899.9 7.43128 123510 
182600 1900.94 7.51978 158940 
182700 1901.98 7.70458 125490 
182800 1903.02 8.01567 132600 
182900 1904.05 7.57846 119190 
183000 1905.09 7.45497 163290 
183100 1906.13 6.71231 141330 
183200 1907.17 7.78464 129870 
183300 1908.21 7.33985 130140 
183400 1909.25 8.40227 138810 
183500 1910.28 7.78693 165840 
183600 1911.32 8.24422 133350 
183700 1912.36 8.07226 129720 
183800 1913.4 8.02169 138900 
183900 1914.44 7.91843 159300 
184000 1915.48 7.83892 150990 
184100 1916.52 8.34944 142380 
184200 1917.56 8.04414 138210 
184300 1918.6 8.38995 155610 
184400 1919.64 7.65961 141090 
184500 1920.68 8.11229 145170 
184600 1921.72 7.26697 145770 
184700 1922.76 7.3598 135330 
184800 1923.8 8.00019 157650 
184900 1924.84 7.26728 145050 
185000 1925.88 8.14684 121380 
185100 1926.92 7.95358 150870 
185200 1927.96 8.28097 159240 
185300 1929 8.99825 152880 
185400 1930.04 8.35972 121770 
185500 1931.08 9.22007 141420 
185600 1932.12 8.06962 154920 
185700 1933.16 8.14177 152160 
185800 1934.2 7.98087 131940 
185900 1935.24 7.88019 153180 
186000 1936.28 8.47498 138330 
186100 1937.32 8.41119 145770 
186200 1938.36 7.87229 149160 
186300 1939.4 7.00374 134640 
186400 1940.45 7.66586 135540 
186500 1941.49 7.05585 106620 
186600 1942.53 8.06797 120090 
186700 1943.57 7.28746 192600 
186800 1944.61 6.33403 141870 
186900 1945.65 7.87826 116670 
187000 1946.69 7.19037 120420 
187100 1947.73 7.20988 135690 
187200 1948.78 6.78774 155640 
187300 1949.82 7.44736 151230 
187400 1950.86 6.92824 144630 
187500 1951.9 8.25561 127170 
187600 1952.94 7.50366 149370 
187700 1953.98 7.37096 165960 
187800 1955.03 7.20391 137010 
187900 1956.07 7.92317 128610 
188000 1957.11 7.02937 133890 
188100 1958.15 7.45523 141330 
188200 1959.2 7.87411 145590 
188300 1960.24 7.83367 163620 
188400 1961.28 8.26841 138000 
188500 1962.32 9.04591 129750 
188600 1963.37 7.77002 160140 
188700 1964.41 7.75739 157140 
188800 1965.46 8.18973 140970 
188900 1966.5 8.63533 138870 
189000 1967.54 8.21232 124500 
189100 1968.59 8.08015 151170 
189200 1969.63 7.37571 142620 
189300 1970.67 7.65376 158220 
189400 1971.71 7.68693 135390 
189500 1972.75 7.9872 120600 
189600 1973.79 7.89516 165030 
189700 1974.83 7.28847 156720 
189800 1975.87 7.31794 150510 
189900 1976.91 7.72671 133350 
190000 1977.95 7.63538 135420 
190100 1978.99 7.57661 149730 
190200 1980.04 8.05944 146280 
190300 1981.08 7.61863 147030 
190400 1982.12 7.68612 128580 
190500 1983.17 7.79224 143820 
190600 1984.21 6.96472 133710 
190700 1985.25 7.01322 136500 
190800 1986.29 7.22745 128040 
190900 1987.34 7.68008 119190 
191000 1988.38 7.42668 150120 
191100 1989.42 7.53609 135030 
191200 1990.46 7.46224 135630 
191300 1991.5 8.36111 141390 
191400 1992.55 7.85413 126780 
191500 1993.59 8.69421 140130 
191600 1994.63 8.20031 151080 
191700 1995.67 8.45833 130800 
191800 1996.72 8.61071 147210 
191900 1997.76 8.60851 121350 
192000 1998.8 8.43036 176250 
192100 1999.84 8.55203 125850 
192200 2000.89 8.66466 113190 
192300 2001.93 8.41446 133080 
192400 2002.97 7.87623 141870 
192500 2004.01 8.1845 142440 
192600 2005.05 7.14384 129570 
192700 2006.09 7.39242 136470 
192800 2007.13 7.86451 124710 
192900 2008.18 7.21153 140220 
193000 2009.22 7.09527 162030 
193100 2010.27 6.88221 156720 
193200 2011.31 7.37599 115620 
193300 2012.36 7.59259 100860 
193400 2013.4 7.89297 148260 
193500 2014.45 6.96464 166950 
193600 2015.5 6.93139 134850 
193700 2016.54 7.52471 108960 
193800 2017.59 7.42055 114780 
193900 2018.63 7.36538 165030 
194000 2019.68 6.98873 155100 
194100 2020.73 7.40849 139860 
194200 2021.77 7.75175 148440 
194300 2022.82 7.23534 139950 
194400 2023.86 7.68919 121440 
194500 2024.91 8.14759 151200 
194600 2025.96 7.63744 144720 
194700 2027 7.552 153060 
194800 2028.05 8.30196 119400 
194900 2029.09 8.42973 138870 
195000 2030.14 8.35677 153510 
195100 2031.19 8.49459 144960 
195200 2032.23 8.28995 156210 
195300 2033.28 8.23441 137670 
195400 2034.32 8.05952 149820 
195500 2035.37 7.69534 142680 
195600 2036.41 8.4121 145440 
195700 2037.46 7.46955 130320 
195800 2038.5 7.95283 154830 
195900 2039.54 8.22029 152010 
196000 2040.59 8.76346 150210 
196100 2041.63 8.00192 139260 
196200 2042.68 8.83181 143250 
196300 2043.72 8.7825 151350 
196400 2044.76 8.79772 158310 
196500 2045.8 8.06161 163590 
196600 2046.84 8.70825 122160 
196700 2047.89 7.95239 131460 
196800 2048.93 7.7445 147480 
196900 2049.98 8.10684 148140 
197000 2051.02 8.69846 135270 
197100 2052.07 9.48292 117630 
197200 2053.11 7.93464 156900 
197300 2054.16 9.11947 138870 
197400 2055.21 8.28406 154440 
197500 2056.25 7.61439 155730 
197600 2057.3 7.35507 139140 
197700 2058.34 7.91968 133140 
197800 2059.39 7.8459 150630 
197900 2060.44 8.21085 148590 
198000 2061.48 8.13056 142530 
198100 2062.53 8.59105 138210 
198200 2063.57 7.54188 165390 
198300 2064.62 8.39646 118680 
198400 2065.67 8.44665 163230 
198500 2066.71 8.76332 153450 
198600 2067.76 10.34 127470 
198700 2068.81 9.9086 132240 
198800 2069.86 9.52037 161640 
198900 2070.91 8.91414 168150 
199000 2071.96 9.40474 139230 
199100 2073.01 9.08038 140400 
199200 2074.05 9.57264 158340 
199300 2075.1 8.42383 150690 
199400 2076.15 8.92533 155580 
199500 2077.2 8.86785 145800 
199600 2078.25 9.40774 144120 
199700 2079.29 8.26824 161340 
199800 2080.34 7.6035 161910 
199900 2081.39 8.39854 144930 
200000 2082.44 7.88936 132270 
200100 2083.49 8.18338 175530 
200200 2084.53 6.83762 151620 
200300 2085.58 7.00173 136140 
200400 2086.63 6.70923 156510 
200500 2087.67 6.354 157740 
200600 2088.72 6.07467 157560 
200700 2089.76 5.98528 173580 
200800 2090.81 6.01945 163020 
200900 2091.86 5.63369 122850 
201000 2092.9 6.1792 149160 
