# Num orgs doing each task for each deme in population
# Mon Feb 20 22:35:48 2017
#  1: update
#  2: Deme 0, Task 0
#  3: Deme 0, Task 1
#  4: Deme 0, Task 2
#  5: Deme 0, Task 3
#  6: Deme 0, Task 4
#  7: Deme 0, Task 5
#  8: Deme 0, Task 6
#  9: Deme 0, Task 7
# 10: Deme 0, Task 8
# 11: Deme 1, Task 0
# 12: Deme 1, Task 1
# 13: Deme 1, Task 2
# 14: Deme 1, Task 3
# 15: Deme 1, Task 4
# 16: Deme 1, Task 5
# 17: Deme 1, Task 6
# 18: Deme 1, Task 7
# 19: Deme 1, Task 8

0 0 0 0 0 0 0 0 0 0 0 0 0 0 0 0 0 0 0 
1 0 0 0 0 0 0 0 0 0 0 0 0 0 0 0 0 0 0 
2 0 0 0 0 0 0 0 0 0 0 0 0 0 0 0 0 0 0 
3 0 0 0 0 0 0 0 0 0 0 0 0 0 0 0 0 0 0 
4 0 0 0 0 0 0 0 0 0 0 0 0 0 0 0 0 0 0 
5 0 0 0 0 0 0 0 0 0 0 0 0 0 0 0 0 0 0 
6 0 0 0 0 0 0 0 0 0 0 0 0 0 0 0 0 0 0 
7 0 0 0 0 0 0 0 0 0 0 0 0 0 0 0 0 0 0 
8 0 0 0 0 0 0 0 0 0 0 0 0 0 0 0 0 0 0 
9 0 0 0 0 0 0 0 0 0 0 0 0 0 0 0 0 0 0 
10 0 0 0 0 0 0 0 0 0 0 0 0 0 0 0 0 0 0 
11 0 0 0 0 0 0 0 0 0 0 0 0 0 0 0 0 0 0 
12 0 0 0 0 0 0 0 0 0 0 0 0 0 0 0 0 0 0 
13 0 0 0 0 0 0 0 0 0 0 0 0 0 0 0 0 0 0 
14 0 0 0 0 0 0 0 0 0 0 0 0 0 0 0 0 0 0 
15 0 2 0 2 0 2 0 0 0 0 0 0 0 0 0 0 0 0 
16 0 2 0 2 0 2 0 0 0 0 0 0 0 0 0 0 0 0 
17 0 2 0 2 0 2 0 0 0 0 0 0 0 0 0 0 0 0 
18 0 2 0 2 0 2 0 0 0 0 0 0 0 0 0 0 0 0 
19 0 2 0 2 0 2 0 0 0 0 0 0 0 0 0 0 0 0 
20 0 2 0 2 0 2 0 0 0 0 0 0 0 0 0 0 0 0 
21 0 2 0 2 0 2 0 0 0 0 0 0 0 0 0 0 0 0 
22 0 2 0 2 0 2 0 0 0 0 0 0 0 0 0 0 0 0 
23 0 2 0 2 0 2 0 0 0 0 0 0 0 0 0 0 0 0 
24 0 2 0 2 0 2 0 0 0 0 0 0 0 0 0 0 0 0 
25 0 2 0 2 0 2 0 0 0 0 0 0 0 0 0 0 0 0 
26 0 2 0 2 0 2 0 0 0 0 0 0 0 0 0 0 0 0 
27 0 2 0 2 0 2 0 0 0 0 0 0 0 0 0 0 0 0 
28 0 2 0 2 0 2 0 0 0 0 0 0 0 0 0 0 0 0 
29 0 2 0 2 0 2 0 0 0 0 0 0 0 0 0 0 0 0 
30 0 2 0 2 0 2 0 0 0 0 0 0 0 0 0 0 0 0 
31 2 2 0 2 2 2 2 0 0 0 0 0 0 0 0 0 0 0 
32 2 2 0 2 2 2 2 0 0 0 0 0 0 0 0 0 0 0 
33 2 2 0 2 2 2 2 0 0 0 0 0 0 0 0 0 0 0 
34 2 2 0 2 2 2 2 0 0 0 0 0 0 0 0 0 0 0 
35 2 2 0 2 2 2 2 0 0 0 0 0 0 0 0 0 0 0 
36 2 2 0 2 2 2 2 0 0 0 0 0 0 0 0 0 0 0 
37 2 2 0 2 2 2 2 0 0 0 0 0 0 0 0 0 0 0 
38 2 2 0 2 2 2 2 0 0 0 0 0 0 0 0 0 0 0 
39 2 2 0 2 2 2 2 0 0 0 0 0 0 0 0 0 0 0 
40 2 2 0 2 2 2 2 0 0 0 0 0 0 0 0 0 0 0 
41 2 2 0 2 2 2 2 0 0 0 0 0 0 0 0 0 0 0 
42 2 2 0 2 2 2 2 0 0 0 0 0 0 0 0 0 0 0 
43 2 2 0 2 2 2 2 0 0 0 0 0 0 0 0 0 0 0 
44 2 2 0 2 2 2 2 0 0 0 0 0 0 0 0 0 0 0 
45 2 2 0 2 2 2 2 0 0 0 0 0 0 0 0 0 0 0 
46 2 3 0 3 2 3 2 0 0 0 0 0 0 0 0 0 0 0 
47 5 2 0 4 3 4 3 0 0 0 0 0 0 0 0 0 0 0 
48 4 4 0 6 2 6 2 0 0 0 0 0 0 0 0 0 0 0 
49 4 4 0 6 2 6 2 0 0 0 0 0 0 0 0 0 0 0 
50 4 4 0 6 2 6 2 0 0 0 0 0 0 0 0 0 0 0 
51 4 4 0 6 2 6 2 0 0 0 0 0 0 0 0 0 0 0 
52 4 4 0 6 2 6 2 0 0 0 0 0 0 0 0 0 0 0 
53 4 4 0 6 2 6 2 0 0 0 0 0 0 0 0 0 0 0 
54 4 4 0 6 2 6 2 0 0 0 0 0 0 0 0 0 0 0 
55 4 4 0 6 2 6 2 0 0 0 0 0 0 0 0 0 0 0 
56 4 4 0 6 2 6 2 0 0 0 0 0 0 0 0 0 0 0 
57 4 4 0 6 2 6 2 0 0 0 0 0 0 0 0 0 0 0 
58 4 4 0 6 2 6 2 0 0 0 0 0 0 0 0 0 0 0 
59 4 4 0 6 2 6 2 0 0 0 0 0 0 0 0 0 0 0 
60 4 4 0 6 2 6 2 0 0 0 0 0 0 0 0 0 0 0 
61 4 4 0 6 2 6 2 0 0 0 0 0 0 0 0 0 0 0 
62 7 4 0 5 6 5 6 0 0 0 0 0 0 0 0 0 0 0 
63 8 5 0 5 8 5 8 0 0 0 0 0 0 0 0 0 0 0 
64 8 8 0 10 6 10 6 0 0 0 0 0 0 0 0 0 0 0 
65 8 8 0 10 6 10 6 0 0 0 0 0 0 0 0 0 0 0 
66 8 8 0 10 6 10 6 0 0 0 0 0 0 0 0 0 0 0 
67 8 8 0 10 6 10 6 0 0 0 0 0 0 0 0 0 0 0 
68 8 8 0 10 6 10 6 0 0 0 0 0 0 0 0 0 0 0 
69 8 8 0 10 6 10 6 0 0 0 0 0 0 0 0 0 0 0 
70 8 8 0 10 6 10 6 0 0 0 0 0 0 0 0 0 0 0 
71 8 8 0 10 6 10 6 0 0 0 0 0 0 0 0 0 0 0 
72 8 8 0 10 6 10 6 0 0 0 0 0 0 0 0 0 0 0 
73 8 8 0 10 6 10 6 0 0 0 0 0 0 0 0 0 0 0 
74 8 8 0 10 6 10 6 0 0 0 0 0 0 0 0 0 0 0 
75 8 8 0 10 6 10 6 0 0 0 0 0 0 0 0 0 0 0 
76 8 8 0 10 6 10 6 0 0 0 0 0 0 0 0 0 0 0 
77 8 8 0 10 6 10 6 0 0 0 0 0 0 0 0 0 0 0 
78 9 11 0 15 5 15 5 0 0 0 0 0 0 0 0 0 0 0 
79 13 12 0 20 5 20 5 0 0 0 0 0 0 0 0 0 0 0 
80 13 12 0 18 7 18 7 0 0 0 0 0 0 0 0 0 0 0 
81 15 10 0 16 9 16 9 0 0 0 0 0 0 0 0 0 0 0 
82 15 10 0 16 9 16 9 0 0 0 0 0 0 0 0 0 0 0 
83 15 10 0 16 9 16 9 0 0 0 0 0 0 0 0 0 0 0 
84 15 10 0 16 9 16 9 0 0 0 0 0 0 0 0 0 0 0 
85 15 10 0 16 9 16 9 0 0 0 0 0 0 0 0 0 0 0 
86 15 10 0 16 9 16 9 0 0 0 0 0 0 0 0 0 0 0 
87 15 10 0 16 9 16 9 0 0 0 0 0 0 0 0 0 0 0 
88 15 10 0 16 9 16 9 0 0 0 0 0 0 0 0 0 0 0 
89 15 10 0 16 9 16 9 0 0 0 0 0 0 0 0 0 0 0 
90 15 10 0 16 9 16 9 0 0 0 0 0 0 0 0 0 0 0 
91 15 10 0 16 9 16 9 0 0 0 0 0 0 0 0 0 0 0 
92 15 10 0 16 9 16 9 0 0 0 0 0 0 0 0 0 0 0 
93 15 10 0 15 10 15 10 0 0 0 0 0 0 0 0 0 0 0 
94 13 12 0 16 9 16 9 0 0 0 0 0 0 0 0 0 0 0 
95 11 14 0 16 9 16 9 0 0 0 0 0 0 0 0 0 0 0 
96 15 10 0 13 12 13 12 0 0 0 0 0 0 0 0 0 0 0 
97 13 12 0 15 10 15 10 0 0 0 0 0 0 0 0 0 0 0 
98 13 12 0 15 10 15 10 0 0 0 0 0 0 0 0 0 0 0 
99 13 12 0 15 10 15 10 0 0 0 0 0 0 0 0 0 0 0 
100 13 12 0 15 10 15 10 0 0 0 0 0 0 0 0 0 0 0 
101 13 12 0 15 10 15 10 0 0 0 0 0 0 0 0 0 0 0 
102 13 12 0 15 10 15 10 0 0 0 0 0 0 0 0 0 0 0 
103 13 12 0 15 10 15 10 0 0 0 0 0 0 0 0 0 0 0 
104 13 12 0 15 10 15 10 0 0 0 0 0 0 0 0 0 0 0 
105 13 12 0 15 10 15 10 0 0 0 0 0 0 0 0 0 0 0 
106 13 12 0 15 10 15 10 0 0 0 0 0 0 0 0 0 0 0 
107 11 12 0 14 9 14 9 0 0 0 0 0 0 0 0 0 0 0 
108 9 12 0 14 7 14 7 0 0 0 0 0 0 0 0 0 0 0 
109 10 12 0 14 8 14 8 0 0 0 0 0 0 0 0 0 0 0 
110 13 10 0 15 8 15 8 0 0 0 0 0 0 0 0 0 0 0 
111 13 12 0 18 7 18 7 0 0 0 0 0 0 0 0 0 0 0 
112 13 12 0 18 7 18 7 0 0 0 0 0 0 0 0 0 0 0 
113 12 13 0 18 7 18 7 0 0 0 0 0 0 0 0 0 0 0 
114 14 11 0 16 9 16 9 0 0 0 0 0 0 0 0 0 0 0 
115 14 11 0 16 9 16 9 0 0 0 0 0 0 0 0 0 0 0 
116 14 11 0 16 9 16 9 0 0 0 0 0 0 0 0 0 0 0 
117 14 11 0 16 9 16 9 0 0 0 0 0 0 0 0 0 0 0 
118 14 11 0 16 9 16 9 0 0 0 0 0 0 0 0 0 0 0 
119 14 11 0 16 9 16 9 0 0 0 0 0 0 0 0 0 0 0 
120 14 11 0 16 9 16 9 0 0 0 0 0 0 0 0 0 0 0 
121 14 11 0 16 9 16 9 0 0 0 0 0 0 0 0 0 0 0 
122 14 9 0 14 9 14 9 0 0 0 0 0 0 0 0 0 0 0 
123 15 8 0 13 10 13 10 0 0 0 0 0 0 0 0 0 0 0 
124 12 9 0 13 8 13 8 0 0 0 0 0 0 0 0 0 0 0 
125 12 10 0 16 6 16 6 0 0 0 0 0 0 0 0 0 0 0 
126 10 13 0 17 6 17 6 0 0 0 0 0 0 0 0 0 0 0 
127 9 14 0 19 4 19 4 0 0 0 0 0 0 0 0 0 0 0 
128 11 13 0 18 6 18 6 0 0 0 0 0 0 0 0 0 0 0 
129 10 14 0 17 7 17 7 0 0 0 0 0 0 0 0 0 0 0 
130 0 0 0 0 0 0 0 0 0 0 0 0 0 0 0 0 0 0 
